1,56.11,49.82
2,55.82,41.5
3,54.66,50.97
4,57.46,41.56
5,55.54,52.98
6,54.94,56.41
7,55.42,54.78
8,56.73,48.19
9,54.74,48.52
10,56.2,58.44
11,57.57,54.29
12,57.63,59.53
13,58.19,48.38
14,58.7,56.9
15,57.18,49.35
16,58.87,43.78
17,56.08,53.63
18,55.64,55.1
19,56.07,55.96
20,58.02,46.75
21,58.13,59.48
22,59.0,46.88
23,55.95,41.69
24,59.1,58.62
25,55.92,41.51
26,57.1,52.28
27,58.67,49.91
28,57.2,56.42
29,58.75,57.01
30,56.64,48.74
31,57.01,54.05
32,58.85,41.09
33,59.77,40.02
34,57.27,55.9
35,56.49,54.54
36,56.49,57.19
37,58.44,46.74
38,58.06,43.81
39,57.1,50.03
40,60.62,54.47
41,57.17,52.82
42,58.05,58.54
43,59.63,42.98
44,58.07,55.36
45,59.26,43.0
46,58.92,55.79
47,57.61,58.22
48,59.48,42.42
49,59.32,59.11
50,59.87,44.91
51,58.69,40.76
52,57.89,45.33
53,58.09,47.49
54,58.66,47.57
55,61.23,48.92
56,58.55,51.68
57,60.34,54.82
58,58.21,48.78
59,58.52,52.04
60,59.5,59.8
61,61.83,58.66
62,59.44,42.7
63,59.74,54.59
64,58.6,56.8
65,59.99,40.76
66,59.25,55.2
67,60.63,56.16
68,60.4,59.41
69,62.12,44.36
70,59.53,47.2
71,59.24,48.35
72,61.13,43.25
73,62.22,47.6
74,61.97,48.18
75,60.55,40.45
76,62.98,42.96
77,62.81,40.6
78,61.26,42.36
79,60.37,55.1
80,60.04,44.97
81,60.2,58.48
82,59.83,54.18
83,61.48,47.19
84,63.63,44.66
85,61.14,49.95
86,61.42,55.63
87,62.02,59.19
88,63.26,45.47
89,60.12,57.19
90,61.38,50.05
91,63.95,58.92
92,62.65,55.67
93,64.36,44.39
94,63.58,47.14
95,62.0,50.6
96,64.56,58.2
97,64.15,52.5
98,62.22,54.65
99,61.67,55.05
100,63.24,40.49
101,64.12,48.85
102,62.17,49.85
103,64.56,40.94
104,63.31,55.34
105,61.72,43.31
106,61.29,48.46
107,62.86,48.83
108,63.76,41.72
109,64.72,49.82
110,64.84,50.74
111,64.33,40.2
112,64.36,44.71
113,64.46,49.12
114,65.11,54.28
115,62.25,55.22
116,63.08,48.27
117,64.39,58.53
118,65.17,46.18
119,64.78,51.94
120,64.47,55.41
121,63.77,54.24
122,65.79,47.17
123,65.4,52.77
124,66.45,57.24
125,65.32,53.34
126,65.62,52.5
127,65.35,40.03
128,64.49,57.72
129,66.37,55.2
130,65.07,42.91
131,63.39,50.09
132,64.78,49.82
133,66.81,59.88
134,64.93,46.84
135,65.07,46.74
136,64.51,46.61
137,67.04,40.75
138,66.35,47.19
139,65.52,45.86
140,63.92,48.09
141,65.87,41.67
142,66.71,54.38
143,65.8,43.39
144,67.35,48.07
145,64.58,52.94
146,64.64,54.45
147,68.09,56.07
148,64.94,50.36
149,65.61,52.43
150,65.57,50.86
151,67.53,55.39
152,66.77,59.98
153,67.27,51.19
154,64.93,40.89
155,66.81,43.9
156,67.19,51.54
157,67.09,45.13
158,66.96,50.78
159,66.95,44.0
160,65.31,49.05
161,68.34,46.08
162,66.56,57.35
163,66.82,55.54
164,68.37,40.2
165,66.63,41.62
166,67.75,54.37
167,69.45,48.22
168,67.2,53.96
169,67.12,54.66
170,66.08,58.6
171,68.73,47.75
172,68.54,41.1
173,68.61,46.49
174,69.6,40.2
175,69.71,43.48
176,67.47,54.38
177,68.68,47.5
178,69.5,56.4
179,69.14,41.38
180,67.93,57.58
181,66.68,55.42
182,68.22,41.41
183,69.64,58.76
184,70.56,51.38
185,68.36,49.3
186,68.23,49.32
187,67.72,54.83
188,69.2,59.73
189,70.18,51.3
190,70.16,43.09
191,67.85,55.55
192,69.34,52.17
193,68.66,56.67
194,70.45,43.99
195,70.44,53.38
196,69.28,54.45
197,70.17,55.45
198,69.26,54.52
199,71.71,51.09
200,68.56,41.94
201,70.92,46.8
202,70.76,54.68
203,71.76,59.54
204,71.71,47.28
205,68.87,46.97
206,68.36,58.93
207,68.67,40.82
208,70.81,41.97
209,69.05,45.52
210,69.44,50.08
211,70.0,56.76
212,71.38,54.09
213,70.28,48.78
214,69.29,40.65
215,70.61,47.74
216,70.68,40.44
217,70.59,50.2
218,70.16,41.99
219,70.53,42.22
220,70.49,42.01
221,70.76,52.0
222,69.57,45.14
223,69.94,47.5
224,71.06,49.24
225,69.76,59.86
226,71.06,47.6
227,71.87,42.57
228,70.07,46.32
229,71.38,46.2
230,69.99,41.07
231,70.12,49.79
232,70.25,45.22
233,71.37,58.63
234,70.81,55.61
235,73.38,40.86
236,71.76,53.18
237,74.01,59.69
238,70.63,56.16
239,73.19,56.5
240,73.94,59.82
241,72.21,49.33
242,73.86,41.25
243,72.02,47.88
244,72.55,51.61
245,72.72,46.22
246,72.21,58.14
247,75.02,53.4
248,71.83,58.77
249,72.96,56.94
250,71.8,54.42
251,72.93,59.8
252,75.36,54.85
253,73.93,46.14
254,72.18,42.24
255,72.24,58.97
256,72.25,47.09
257,75.35,57.83
258,73.5,55.43
259,74.55,41.4
260,73.21,42.05
261,75.32,44.02
262,72.8,58.16
263,72.39,42.95
264,75.5,48.44
265,75.43,42.67
266,76.25,43.3
267,74.89,55.72
268,76.27,49.29
269,75.05,57.01
270,73.93,43.35
271,74.09,40.42
272,76.7,46.14
273,73.27,55.64
274,75.61,54.15
275,73.48,57.78
276,74.55,44.41
277,74.78,44.18
278,75.55,45.18
279,73.94,43.35
280,74.39,47.51
281,75.78,44.7
282,77.19,48.79
283,75.89,41.11
284,77.04,56.2
285,75.34,54.21
286,77.19,42.85
287,74.06,59.45
288,77.4,46.98
289,76.49,49.05
290,77.16,49.84
291,76.61,54.77
292,74.38,49.42
293,74.29,49.19
294,76.56,49.92
295,77.28,41.03
296,77.52,52.92
297,76.14,46.0
298,75.28,54.68
299,76.39,54.55
300,75.1,47.44
301,76.39,49.57
302,75.89,49.58
303,75.02,57.44
304,76.41,54.75
305,77.04,46.09
306,75.81,55.69
307,78.67,50.11
308,77.96,55.11
309,76.06,44.16
310,77.8,54.83
311,78.68,45.83
312,78.41,54.19
313,77.47,44.31
314,75.76,45.41
315,77.67,47.42
316,79.34,46.82
317,76.47,56.45
318,79.86,51.15
319,77.61,56.47
320,78.83,55.25
321,77.67,41.15
322,79.96,41.01
323,78.65,51.52
324,79.59,43.66
325,79.46,56.24
326,78.93,59.5
327,79.28,47.52
328,79.12,58.88
329,79.96,59.81
330,80.73,48.14
331,80.28,58.54
332,77.13,58.46
333,79.61,44.61
334,80.53,56.05
335,80.51,41.97
336,78.77,55.91
337,81.2,42.27
338,79.92,59.47
339,81.21,45.24
340,80.46,43.11
341,81.42,57.14
342,81.26,53.14
343,79.07,58.74
344,78.74,52.43
345,81.27,42.21
346,78.67,49.44
347,78.32,50.94
348,79.43,58.19
349,81.95,58.19
350,79.23,46.76
351,79.28,53.95
352,80.26,58.33
353,79.76,44.93
354,79.51,47.29
355,80.38,40.91
356,81.16,42.61
357,81.77,56.42
358,79.38,44.51
359,80.42,41.5
360,81.75,49.62
361,82.02,59.49
362,80.06,44.98
363,79.56,49.98
364,82.8,50.25
365,82.92,43.17
366,81.62,41.66
367,83.25,50.6
368,81.34,41.09
369,80.35,43.02
370,80.79,47.6
371,82.77,59.93
372,81.57,41.06
373,80.69,53.56
374,80.89,40.61
375,82.93,57.3
376,82.42,49.91
377,83.17,50.46
378,81.27,51.48
379,81.9,60.0
380,83.37,49.38
381,82.05,44.81
382,82.93,50.31
383,84.03,44.71
384,84.14,46.4
385,81.93,49.29
386,84.24,56.19
387,82.31,46.51
388,84.56,58.33
389,81.88,42.72
390,81.74,58.48
391,82.32,54.96
392,83.7,42.98
393,83.86,53.13
394,83.82,43.32
395,84.83,40.88
396,83.62,42.62
397,81.95,48.13
398,84.6,45.59
399,85.44,46.87
400,82.29,53.16
401,82.57,52.73
402,84.8,40.9
403,82.59,55.3
404,85.23,51.91
405,84.35,58.19
406,85.63,52.19
407,82.9,54.96
408,83.3,53.39
409,86.1,57.6
410,86.0,47.12
411,85.79,46.33
412,83.15,49.55
413,84.84,40.13
414,85.21,41.74
415,83.39,45.9
416,84.29,48.54
417,84.74,42.28
418,85.92,48.71
419,86.05,45.48
420,83.52,41.76
421,83.49,43.27
422,84.38,43.23
423,86.73,55.21
424,83.85,46.9
425,83.47,43.34
426,83.94,58.42
427,84.64,59.41
428,84.94,42.39
429,87.05,49.49
430,85.33,42.88
431,84.68,42.3
432,85.35,59.98
433,84.66,46.63
434,87.09,59.84
435,87.24,42.9
436,85.28,45.27
437,85.84,54.7
438,87.02,49.86
439,86.19,49.95
440,88.37,46.05
441,86.12,40.33
442,88.47,46.03
443,85.38,41.43
444,86.33,47.63
445,87.55,44.6
446,85.28,50.31
447,87.18,50.19
448,88.35,44.6
449,89.01,54.29
450,88.76,58.38
451,88.56,43.47
452,88.04,45.99
453,86.06,53.49
454,88.67,41.98
455,88.73,49.91
456,88.39,42.0
457,89.03,56.56
458,86.41,41.69
459,89.74,48.53
460,88.73,58.31
461,89.26,49.25
462,88.12,56.44
463,86.85,54.64
464,89.74,40.35
465,88.15,49.65
466,88.16,46.38
467,86.66,51.0
468,88.0,44.88
469,88.23,45.79
470,87.48,56.26
471,89.04,44.1
472,87.87,41.38
473,89.49,44.18
474,89.52,42.54
475,89.36,43.02
476,87.94,51.95
477,90.72,43.32
478,90.17,40.52
479,88.06,42.41
480,88.94,44.23
481,91.01,54.07
482,89.31,52.12
483,88.22,46.97
484,88.53,48.49
485,90.34,49.06
486,90.15,56.79
487,89.18,45.61
488,89.51,43.95
489,87.89,52.49
490,91.74,53.03
491,89.57,42.48
492,90.76,45.41
493,88.16,54.44
494,91.82,43.87
495,89.48,56.75
496,92.23,46.77
497,91.71,44.89
498,89.36,56.45
499,90.77,56.15
500,88.89,56.61
501,91.81,42.77
502,91.59,40.34
503,90.76,48.57
504,90.13,41.85
505,91.39,42.99
506,89.71,55.64
507,92.57,55.48
508,92.92,56.61
509,92.14,45.72
510,91.14,56.82
511,93.2,55.87
512,89.77,59.84
513,90.59,50.6
514,90.91,57.83
515,91.62,50.05
516,90.35,41.52
517,90.52,46.85
518,90.25,48.79
519,91.37,58.16
520,90.51,47.59
521,90.25,48.32
522,90.81,57.94
523,90.81,40.83
524,94.05,54.36
525,91.5,41.97
526,92.15,40.31
527,94.16,55.38
528,91.57,46.37
529,94.0,53.9
530,93.27,46.89
531,90.88,45.2
532,94.85,59.78
533,94.01,45.81
534,92.45,53.68
535,94.75,43.07
536,91.86,46.45
537,94.41,40.72
538,94.93,53.95
539,92.33,57.77
540,93.09,53.76
541,92.97,50.03
542,94.62,51.21
543,94.47,48.99
544,92.68,56.27
545,94.5,46.97
546,95.6,46.79
547,92.41,51.54
548,93.59,40.16
549,95.33,46.66
550,94.17,58.42
551,94.54,41.78
552,93.44,54.3
553,93.45,45.52
554,93.49,49.09
555,93.8,42.7
556,92.89,45.56
557,93.82,50.93
558,92.7,58.22
559,95.14,42.06
560,95.43,58.51
561,95.02,42.82
562,96.92,59.07
563,96.39,47.23
564,96.79,55.84
565,96.21,40.87
566,96.86,59.44
567,96.04,49.7
568,96.1,46.94
569,94.55,59.04
570,95.79,43.52
571,94.08,54.04
572,96.86,45.18
573,94.96,52.75
574,97.64,52.83
575,94.64,56.99
576,96.86,45.39
577,95.81,46.08
578,96.56,46.9
579,96.48,49.54
580,96.33,52.12
581,95.18,56.57
582,97.14,52.75
583,97.82,59.88
584,94.68,40.17
585,97.81,40.34
586,96.28,58.06
587,95.42,49.09
588,96.22,48.6
589,98.47,58.43
590,97.65,44.23
591,97.81,43.97
592,96.36,56.92
593,95.38,59.82
594,97.16,49.34
595,97.43,58.37
596,96.7,50.37
597,97.62,51.04
598,98.04,59.74
599,97.73,41.7
600,96.97,45.0
601,96.4,41.15
602,96.34,43.5
603,96.06,42.16
604,96.63,58.13
605,97.27,56.86
606,97.78,48.43
607,96.52,56.05
608,98.5,40.33
609,98.12,44.69
610,99.59,51.26
611,97.96,56.44
612,97.6,52.65
613,96.79,49.06
614,97.9,56.12
615,100.19,52.67
616,99.07,57.93
617,96.85,59.85
618,99.81,43.48
619,97.53,41.17
620,97.59,53.74
621,99.32,59.9
622,100.75,58.72
623,99.83,50.25
624,100.5,57.27
625,99.61,54.07
626,99.51,49.4
627,100.99,48.42
628,100.32,48.36
629,100.36,41.18
630,99.75,46.99
631,100.76,54.38
632,99.74,56.92
633,99.09,50.46
634,101.46,57.93
635,101.65,58.38
636,99.3,42.73
637,99.31,41.95
638,101.38,41.13
639,99.37,56.88
640,98.86,42.93
641,101.56,45.49
642,100.78,48.19
643,99.19,52.28
644,102.51,44.45
645,100.77,54.56
646,101.07,44.82
647,100.45,46.07
648,102.01,53.12
649,100.31,49.41
650,99.93,47.33
651,101.44,46.63
652,102.64,48.36
653,99.63,54.25
654,102.29,45.41
655,103.02,49.57
656,100.93,45.26
657,100.44,40.12
658,101.25,48.93
659,102.49,44.46
660,101.54,56.14
661,100.14,43.48
662,103.67,43.03
663,101.01,42.77
664,101.86,58.61
665,102.46,56.62
666,100.25,42.6
667,100.99,45.91
668,102.45,40.25
669,101.23,42.2
670,101.65,48.48
671,101.75,49.63
672,101.27,46.82
673,104.23,59.92
674,103.07,42.77
675,102.23,42.51
676,104.07,45.65
677,104.86,50.39
678,102.39,48.38
679,102.52,49.17
680,102.76,44.61
681,103.79,42.7
682,101.75,44.29
683,102.22,54.06
684,102.36,58.34
685,103.13,50.5
686,103.14,59.54
687,103.94,50.54
688,102.17,51.21
689,105.69,55.76
690,102.38,49.11
691,103.96,56.08
692,104.79,41.87
693,104.22,41.15
694,104.28,41.06
695,104.28,56.76
696,105.44,52.04
697,103.9,45.72
698,105.65,40.18
699,105.39,52.0
700,105.81,49.89
701,103.7,54.78
702,105.1,43.54
703,104.19,41.87
704,105.36,41.24
705,103.05,59.27
706,106.57,44.64
707,103.79,47.56
708,103.43,49.47
709,103.72,45.59
710,105.96,41.61
711,106.9,54.35
712,104.77,53.95
713,106.27,44.83
714,105.15,59.67
715,107.34,54.68
716,104.35,47.61
717,107.44,40.2
718,105.03,45.93
719,106.93,51.86
720,105.43,50.36
721,104.02,49.49
722,104.62,56.96
723,107.18,50.38
724,106.77,52.75
725,106.79,55.06
726,106.49,54.21
727,104.26,55.97
728,105.38,44.65
729,105.32,40.15
730,106.78,58.02
731,106.7,55.13
732,103.43,44.83
733,103.25,58.95
734,103.61,55.38
735,105.67,52.3
736,105.27,46.97
737,103.42,56.45
738,103.67,51.38
739,106.17,52.46
740,105.76,48.31
741,103.51,47.1
742,102.79,59.77
743,102.76,53.24
744,105.89,57.59
745,106.05,51.61
746,105.82,43.34
747,104.5,40.78
748,103.49,49.44
749,102.77,46.7
750,104.14,48.68
751,102.82,54.46
752,102.51,50.39
753,102.09,43.05
754,105.31,58.66
755,103.02,41.84
756,101.92,43.63
757,104.39,47.75
758,102.72,51.71
759,101.83,56.51
760,103.51,41.45
761,102.71,48.81
762,103.03,40.83
763,103.08,51.09
764,101.44,45.57
765,103.11,46.5
766,104.39,40.56
767,103.07,42.56
768,100.66,52.5
769,101.16,43.01
770,101.53,51.2
771,101.0,44.69
772,100.9,47.24
773,100.64,51.64
774,103.1,54.86
775,103.37,55.9
776,100.72,43.59
777,100.91,56.91
778,102.14,52.35
779,103.1,53.94
780,102.7,44.25
781,102.41,57.31
782,101.24,52.01
783,103.43,47.13
784,101.25,51.52
785,103.16,59.59
786,102.83,57.62
787,101.0,40.87
788,99.76,51.61
789,99.36,53.81
790,101.92,57.73
791,102.85,55.57
792,99.31,54.95
793,99.48,41.37
794,102.76,49.38
795,99.51,43.14
796,100.27,40.98
797,102.53,57.61
798,98.57,58.93
799,100.05,41.26
800,99.8,58.86
801,99.46,47.69
802,100.37,51.22
803,100.29,44.56
804,98.52,54.35
805,100.91,40.71
806,101.42,41.63
807,99.08,46.03
808,101.63,50.53
809,100.77,42.26
810,99.81,54.57
811,99.81,45.73
812,101.53,44.61
813,100.55,59.82
814,99.74,43.49
815,100.34,51.71
816,99.82,46.33
817,98.85,57.18
818,100.7,40.31
819,97.71,50.24
820,100.91,58.02
821,100.14,54.38
822,97.45,47.77
823,98.7,56.2
824,98.36,41.9
825,100.45,47.15
826,97.13,51.49
827,99.68,53.75
828,96.6,44.97
829,96.54,57.38
830,99.47,54.82
831,99.97,50.27
832,99.56,42.09
833,99.42,48.15
834,97.37,57.1
835,97.63,41.07
836,96.16,56.04
837,96.95,48.6
838,97.69,53.8
839,99.37,56.24
840,97.53,50.53
841,95.82,51.69
842,95.93,40.79
843,97.66,53.37
844,99.17,57.6
845,96.27,45.58
846,95.8,41.12
847,98.85,53.56
848,98.53,57.05
849,97.07,41.24
850,97.36,57.55
851,97.85,56.98
852,97.57,59.93
853,94.83,57.66
854,96.59,43.13
855,97.07,52.27
856,96.49,58.45
857,97.7,44.96
858,96.99,53.51
859,97.24,48.78
860,95.01,54.36
861,95.29,57.3
862,95.58,53.87
863,94.95,45.46
864,97.31,41.43
865,96.81,51.35
866,94.17,55.82
867,96.66,45.03
868,95.88,46.06
869,96.3,56.74
870,96.37,59.98
871,93.53,40.45
872,97.27,54.09
873,94.81,40.1
874,95.05,41.14
875,93.38,41.18
876,93.15,48.61
877,96.79,40.47
878,95.13,49.49
879,96.22,51.38
880,95.95,53.87
881,95.08,40.06
882,95.75,55.04
883,95.09,50.16
884,94.19,52.64
885,93.4,51.71
886,93.23,47.96
887,92.57,43.15
888,93.06,46.7
889,96.1,46.8
890,94.26,55.6
891,93.31,41.54
892,92.35,50.89
893,93.07,44.13
894,92.28,47.79
895,93.64,48.89
896,95.46,58.06
897,93.96,42.25
898,92.13,47.38
899,95.5,48.81
900,93.18,59.9
901,94.93,49.6
902,93.91,45.6
903,92.35,56.83
904,93.53,51.62
905,92.21,51.95
906,93.72,58.35
907,91.79,40.77
908,93.58,52.99
909,92.1,47.87
910,91.87,43.95
911,90.98,56.93
912,93.86,41.33
913,94.06,45.19
914,91.26,51.49
915,93.24,59.29
916,93.47,42.84
917,92.15,53.45
918,90.62,48.81
919,93.58,42.92
920,90.18,43.01
921,92.15,44.57
922,91.58,59.55
923,93.15,50.19
924,93.46,43.62
925,90.25,56.73
926,92.82,44.13
927,89.95,55.36
928,90.66,47.6
929,91.85,47.16
930,91.08,40.86
931,92.07,41.5
932,91.71,45.05
933,92.13,59.07
934,89.74,40.85
935,89.75,44.64
936,91.95,50.49
937,91.03,51.64
938,92.05,41.54
939,91.23,50.85
940,91.11,52.07
941,92.02,58.32
942,90.07,57.82
943,88.87,54.21
944,89.67,42.82
945,91.28,57.76
946,89.0,48.08
947,91.13,53.41
948,89.82,47.48
949,90.48,44.86
950,88.06,42.87
951,91.1,48.8
952,91.11,40.03
953,90.08,46.94
954,88.06,46.14
955,90.98,53.87
956,88.6,59.38
957,89.86,53.07
958,89.21,54.71
959,87.54,49.05
960,90.34,46.08
961,90.72,40.57
962,91.0,48.89
963,87.74,59.65
964,88.32,53.02
965,90.93,45.86
966,90.3,43.35
967,87.21,49.18
968,90.41,42.67
969,88.42,56.28
970,86.76,45.3
971,90.39,41.76
972,89.95,57.56
973,87.15,57.55
974,87.4,46.81
975,88.21,56.19
976,89.58,55.74
977,87.19,43.79
978,89.29,44.69
979,88.98,55.85
980,87.59,49.94
981,89.63,57.15
982,86.99,45.78
983,86.95,42.57
984,87.61,47.13
985,88.7,41.7
986,88.35,40.7
987,86.75,54.82
988,86.19,40.48
989,88.94,52.48
990,86.7,42.7
991,87.04,44.32
992,88.79,46.59
993,87.07,51.87
994,87.17,59.5
995,85.56,40.41
996,88.68,41.93
997,85.2,56.41
998,84.97,43.04
999,87.01,50.57
1000,84.74,44.38
1001,85.79,47.53
1002,86.64,57.26
1003,87.52,59.33
1004,85.62,40.25
1005,85.43,58.35
1006,87.44,54.79
1007,85.71,45.56
1008,87.11,56.0
1009,84.2,48.33
1010,85.95,43.7
1011,86.81,43.88
1012,86.04,45.08
1013,86.37,44.9
1014,83.64,52.24
1015,87.31,47.62
1016,86.76,45.37
1017,84.75,58.98
1018,84.98,40.61
1019,83.81,50.8
1020,83.57,48.93
1021,85.61,56.45
1022,84.66,50.42
1023,84.19,51.43
1024,86.55,59.61
1025,85.31,42.79
1026,84.68,45.63
1027,85.58,47.03
1028,86.54,43.91
1029,86.44,51.34
1030,83.92,57.11
1031,83.71,57.34
1032,86.11,48.54
1033,85.93,51.27
1034,84.23,53.58
1035,82.25,59.35
1036,82.52,46.73
1037,82.16,55.67
1038,85.13,56.95
1039,83.26,40.13
1040,85.54,40.67
1041,85.53,50.46
1042,83.95,48.21
1043,82.63,41.56
1044,84.39,43.45
1045,83.08,45.3
1046,85.02,54.98
1047,81.81,46.56
1048,84.43,41.63
1049,83.37,54.65
1050,84.69,45.83
1051,81.69,41.49
1052,83.89,47.95
1053,83.91,51.84
1054,83.02,55.63
1055,84.51,44.27
1056,82.79,49.76
1057,82.25,57.19
1058,84.34,54.04
1059,83.54,53.02
1060,81.58,41.43
1061,80.84,58.09
1062,80.78,58.44
1063,84.06,40.1
1064,81.78,56.28
1065,82.38,58.93
1066,81.78,55.67
1067,81.69,50.79
1068,82.32,42.16
1069,81.01,53.93
1070,82.66,59.29
1071,83.59,51.04
1072,81.48,52.82
1073,82.61,48.94
1074,80.79,43.39
1075,82.22,58.19
1076,80.33,58.88
1077,81.59,54.53
1078,80.65,54.79
1079,81.59,55.75
1080,82.94,59.88
1081,81.57,58.94
1082,81.31,40.3
1083,79.78,46.38
1084,79.45,56.91
1085,79.7,40.91
1086,79.49,58.59
1087,78.53,45.43
1088,81.42,54.57
1089,80.07,57.2
1090,80.52,46.39
1091,81.66,47.39
1092,79.65,46.06
1093,78.5,45.43
1094,81.17,59.13
1095,78.13,52.87
1096,79.74,55.87
1097,78.77,46.37
1098,80.74,54.05
1099,80.54,57.3
1100,77.64,57.06
1101,79.85,44.9
1102,81.19,53.13
1103,79.0,48.75
1104,81.26,55.23
1105,78.39,55.14
1106,79.07,51.42
1107,79.02,48.05
1108,80.38,49.48
1109,80.18,58.43
1110,77.5,50.45
1111,78.29,43.76
1112,80.1,49.35
1113,79.56,41.74
1114,76.71,45.63
1115,76.79,40.75
1116,76.93,51.14
1117,76.7,48.73
1118,77.9,59.47
1119,78.6,43.96
1120,79.61,42.45
1121,79.02,48.89
1122,76.77,45.93
1123,77.51,49.68
1124,77.38,57.17
1125,79.15,44.73
1126,77.23,49.96
1127,79.27,49.66
1128,78.02,46.86
1129,78.18,41.39
1130,77.41,46.33
1131,78.77,41.62
1132,76.41,58.86
1133,78.23,59.95
1134,76.62,40.73
1135,79.13,53.87
1136,78.15,59.5
1137,77.15,58.52
1138,76.32,50.01
1139,76.41,46.19
1140,77.72,58.59
1141,77.02,50.14
1142,77.85,55.16
1143,78.1,58.81
1144,76.96,46.53
1145,74.57,55.61
1146,74.56,59.41
1147,74.58,46.82
1148,76.84,41.65
1149,74.3,53.13
1150,77.04,55.31
1151,76.19,55.17
1152,77.02,41.21
1153,74.61,42.68
1154,74.77,44.13
1155,75.41,50.44
1156,77.44,45.11
1157,77.41,47.15
1158,76.85,45.54
1159,73.65,51.13
1160,74.57,48.64
1161,75.06,53.92
1162,74.07,56.08
1163,73.94,47.14
1164,74.3,40.17
1165,76.5,52.72
1166,74.49,43.58
1167,76.55,54.09
1168,75.28,56.76
1169,74.34,44.01
1170,73.14,54.76
1171,73.37,42.4
1172,75.48,59.23
1173,73.99,41.15
1174,74.66,47.24
1175,74.78,52.01
1176,75.62,55.85
1177,74.95,53.94
1178,73.93,40.64
1179,74.12,49.61
1180,72.38,47.92
1181,72.63,40.16
1182,73.15,52.44
1183,72.22,54.54
1184,72.66,42.88
1185,72.48,46.95
1186,73.44,59.21
1187,74.08,55.39
1188,74.06,53.02
1189,72.23,56.98
1190,74.43,44.98
1191,75.24,54.06
1192,73.45,50.08
1193,72.54,55.87
1194,72.59,47.49
1195,71.76,41.69
1196,74.65,48.03
1197,74.27,42.77
1198,74.06,48.08
1199,73.72,56.69
1200,73.84,43.46
1201,74.48,58.24
1202,73.63,48.35
1203,72.8,50.61
1204,71.16,53.69
1205,72.12,42.35
1206,72.73,57.44
1207,71.06,58.44
1208,71.77,52.97
1209,71.42,41.19
1210,69.97,45.44
1211,73.21,41.73
1212,73.43,47.64
1213,73.74,56.74
1214,70.36,54.35
1215,72.8,42.62
1216,71.24,50.68
1217,69.65,50.07
1218,72.8,45.29
1219,72.17,56.97
1220,72.36,43.25
1221,70.57,56.96
1222,72.88,51.98
1223,72.55,46.91
1224,70.06,53.25
1225,70.04,45.75
1226,72.15,46.77
1227,68.91,46.39
1228,69.77,46.0
1229,71.4,56.98
1230,71.99,46.71
1231,71.43,40.61
1232,72.33,43.93
1233,69.04,49.0
1234,70.9,47.21
1235,68.24,47.25
1236,71.86,55.5
1237,71.69,50.93
1238,68.86,43.06
1239,70.21,59.04
1240,69.55,44.35
1241,69.81,53.01
1242,67.84,47.64
1243,69.56,52.32
1244,69.16,50.33
1245,69.55,58.67
1246,68.44,46.87
1247,67.97,55.71
1248,70.42,50.83
1249,68.14,40.33
1250,70.49,47.28
1251,70.96,52.37
1252,69.02,56.0
1253,67.15,45.3
1254,70.61,41.62
1255,70.52,54.31
1256,67.88,55.42
1257,69.43,46.82
1258,68.95,43.28
1259,66.71,55.09
1260,69.26,55.99
1261,69.98,52.03
1262,69.31,50.5
1263,67.27,42.79
1264,68.52,44.51
1265,66.71,47.31
1266,69.03,42.8
1267,66.66,47.13
1268,67.63,52.04
1269,66.67,48.14
1270,66.24,57.33
1271,66.82,58.22
1272,66.84,53.15
1273,67.86,49.44
1274,67.74,51.64
1275,66.62,59.07
1276,68.0,57.23
1277,68.72,48.85
1278,67.46,46.66
1279,68.16,46.64
1280,68.42,57.37
1281,66.16,47.68
1282,67.92,47.49
1283,68.66,50.45
1284,65.81,49.22
1285,65.4,54.45
1286,67.11,52.11
1287,66.51,43.41
1288,65.73,59.48
1289,64.48,53.89
1290,65.1,55.95
1291,67.18,57.27
1292,64.36,40.77
1293,64.68,42.98
1294,66.17,49.1
1295,65.87,56.25
1296,65.77,54.66
1297,65.17,56.84
1298,67.22,45.36
1299,64.39,58.24
1300,64.37,57.35
1301,65.36,59.06
1302,67.55,45.02
1303,66.75,55.92
1304,66.93,41.04
1305,66.3,56.48
1306,64.41,56.39
1307,64.7,52.18
1308,64.27,43.69
1309,64.26,42.09
1310,67.0,51.92
1311,66.61,56.04
1312,65.99,51.94
1313,64.07,45.53
1314,66.56,54.57
1315,64.98,52.96
1316,65.26,41.98
1317,63.07,44.89
1318,63.02,47.86
1319,63.68,49.34
1320,65.26,44.67
1321,64.35,41.47
1322,63.51,44.22
1323,63.13,44.36
1324,66.0,55.49
1325,65.47,56.08
1326,64.01,43.2
1327,64.77,40.85
1328,62.41,58.62
1329,65.12,41.83
1330,64.18,46.12
1331,61.83,46.24
1332,62.27,48.6
1333,63.42,43.31
1334,61.8,41.56
1335,61.5,54.43
1336,62.77,44.53
1337,61.56,58.51
1338,62.75,49.56
1339,64.97,44.55
1340,61.37,44.4
1341,63.57,49.16
1342,60.81,56.17
1343,60.88,49.37
1344,64.61,58.28
1345,62.59,52.95
1346,64.11,49.78
1347,64.14,47.83
1348,62.43,55.3
1349,60.74,55.9
1350,60.36,42.45
1351,60.95,40.36
1352,61.23,55.71
1353,63.88,44.07
1354,63.18,51.91
1355,60.47,41.25
1356,63.1,51.66
1357,60.71,55.95
1358,61.51,56.98
1359,63.33,55.44
1360,60.05,42.6
1361,61.41,43.42
1362,60.62,57.99
1363,61.28,57.15
1364,59.53,49.03
1365,61.63,57.18
1366,62.77,53.46
1367,60.39,48.57
1368,62.03,52.79
1369,60.63,42.54
1370,58.95,52.3
1371,62.11,46.06
1372,60.59,45.97
1373,61.51,58.63
1374,59.44,49.99
1375,60.58,40.11
1376,60.33,41.25
1377,59.79,41.61
1378,61.3,46.39
1379,61.58,42.11
1380,59.24,58.45
1381,59.16,51.97
1382,58.42,52.93
1383,57.99,47.57
1384,59.29,40.15
1385,60.21,43.52
1386,58.48,40.19
1387,58.22,53.69
1388,59.1,47.62
1389,57.98,59.81
1390,60.79,49.46
1391,59.08,52.77
1392,60.76,49.54
1393,59.38,43.79
1394,60.07,47.71
1395,58.69,46.99
1396,57.35,59.77
1397,57.26,46.04
1398,58.89,52.35
1399,58.57,46.57
1400,57.12,54.84
1401,60.41,56.37
1402,59.48,56.45
1403,57.54,52.02
1404,59.4,52.42
1405,56.66,43.78
1406,58.94,49.51
1407,59.16,50.92
1408,60.2,48.82
1409,56.61,46.39
1410,58.09,58.02
1411,59.97,44.92
1412,57.1,51.14
1413,56.31,53.83
1414,58.29,50.53
1415,56.92,56.37
1416,58.31,52.13
1417,59.29,51.75
1418,59.08,48.86
1419,59.27,48.19
1420,58.68,43.29
1421,57.88,55.43
1422,55.65,48.86
1423,55.36,42.05
1424,56.83,40.25
1425,58.64,41.39
1426,57.25,55.58
1427,57.45,50.54
1428,58.32,47.55
1429,55.56,53.7
1430,55.55,41.06
1431,57.78,48.73
1432,55.13,40.48
1433,55.25,45.27
1434,57.3,49.85
1435,54.45,57.61
1436,55.67,53.29
1437,56.34,41.15
1438,55.89,46.85
1439,54.99,47.22
1440,55.56,45.78
1441,19.57,59.47
1442,19.25,51.73
1443,16.77,40.65
1444,18.11,41.76
1445,17.57,51.37
1446,19.27,43.29
1447,17.02,41.65
1448,19.12,59.6
1449,20.1,45.35
1450,18.02,56.37
1451,18.76,46.72
1452,20.29,53.08
1453,20.06,47.93
1454,19.97,50.59
1455,19.5,53.19
1456,19.81,47.88
1457,19.15,59.67
1458,19.02,53.02
1459,18.69,51.11
1460,18.61,51.07
1461,17.89,44.86
1462,17.95,51.18
1463,21.03,43.3
1464,21.38,49.27
1465,20.0,55.87
1466,19.38,49.85
1467,20.88,59.76
1468,21.49,54.89
1469,20.58,45.46
1470,19.96,47.75
1471,19.45,49.17
1472,18.84,48.0
1473,21.2,40.81
1474,19.36,50.9
1475,18.82,46.56
1476,21.32,59.14
1477,19.5,57.9
1478,22.06,57.34
1479,20.09,45.2
1480,20.24,43.87
1481,19.11,56.11
1482,20.68,49.56
1483,21.28,44.27
1484,21.29,50.79
1485,22.47,59.76
1486,22.71,45.86
1487,21.0,54.81
1488,22.66,40.52
1489,21.98,57.03
1490,20.18,48.01
1491,21.61,55.23
1492,22.3,51.57
1493,21.83,57.6
1494,22.51,50.29
1495,22.45,51.31
1496,23.32,54.73
1497,20.7,57.96
1498,23.35,52.55
1499,22.54,58.82
1500,21.97,54.0
1501,21.71,45.1
1502,23.96,44.6
1503,22.55,54.49
1504,22.58,40.7
1505,24.68,42.53
1506,22.89,57.1
1507,21.66,51.54
1508,24.38,40.82
1509,23.26,55.5
1510,23.96,54.21
1511,24.96,46.24
1512,22.79,49.78
1513,21.85,44.63
1514,24.88,49.69
1515,22.38,42.12
1516,22.0,49.54
1517,21.65,48.5
1518,24.33,45.82
1519,24.65,49.0
1520,25.38,50.45
1521,22.33,46.71
1522,22.82,52.65
1523,22.72,47.05
1524,25.51,43.32
1525,23.45,55.27
1526,23.45,48.94
1527,25.93,42.53
1528,22.49,51.39
1529,26.22,43.66
1530,26.42,47.55
1531,24.7,49.16
1532,25.33,48.81
1533,25.68,48.38
1534,25.0,54.9
1535,26.5,44.56
1536,26.28,45.23
1537,25.71,40.78
1538,25.38,55.05
1539,24.67,44.45
1540,24.41,46.96
1541,25.53,44.76
1542,25.0,56.79
1543,25.84,40.75
1544,26.0,45.74
1545,24.09,53.78
1546,26.33,54.8
1547,26.63,56.83
1548,26.81,58.36
1549,26.36,44.31
1550,26.56,57.01
1551,26.78,58.76
1552,26.02,55.93
1553,24.25,45.87
1554,27.09,50.97
1555,24.58,43.22
1556,25.06,54.77
1557,25.68,49.46
1558,26.46,57.32
1559,27.54,53.78
1560,26.93,57.05
1561,28.51,57.66
1562,27.56,52.86
1563,28.03,45.78
1564,25.43,55.99
1565,26.26,53.7
1566,26.02,56.32
1567,26.76,55.91
1568,26.63,43.76
1569,28.0,51.26
1570,27.32,55.87
1571,27.1,59.22
1572,26.16,46.3
1573,27.39,42.36
1574,27.8,59.64
1575,27.86,55.52
1576,26.37,58.44
1577,28.01,41.95
1578,28.94,59.39
1579,28.47,55.39
1580,26.69,46.25
1581,29.76,46.91
1582,27.16,46.27
1583,26.76,52.51
1584,28.53,46.48
1585,26.79,56.5
1586,27.71,40.15
1587,27.85,49.47
1588,28.32,58.78
1589,27.9,57.61
1590,29.62,53.38
1591,28.15,44.53
1592,28.38,41.66
1593,29.17,57.18
1594,27.65,49.77
1595,30.53,42.79
1596,29.87,45.58
1597,29.94,43.18
1598,29.56,48.6
1599,30.01,55.69
1600,27.69,54.38
1601,28.71,48.08
1602,28.92,42.38
1603,28.17,54.36
1604,29.75,53.22
1605,27.97,40.33
1606,29.79,57.27
1607,30.65,41.52
1608,29.52,57.26
1609,29.07,57.75
1610,30.53,59.08
1611,30.94,46.29
1612,31.83,43.41
1613,30.85,55.03
1614,31.92,59.7
1615,30.86,50.84
1616,31.76,58.1
1617,30.5,56.05
1618,29.5,46.08
1619,29.02,45.54
1620,29.93,42.79
1621,29.54,51.1
1622,31.11,47.26
1623,32.62,52.11
1624,29.63,52.01
1625,29.25,52.6
1626,29.15,48.85
1627,30.38,41.69
1628,30.2,52.91
1629,31.0,54.43
1630,30.9,44.68
1631,30.97,53.53
1632,31.04,59.92
1633,29.66,51.02
1634,31.08,48.79
1635,32.8,43.05
1636,33.42,57.96
1637,30.14,42.72
1638,30.44,41.99
1639,33.76,57.09
1640,33.01,55.56
1641,32.9,45.34
1642,33.84,50.53
1643,33.99,55.02
1644,32.33,57.55
1645,31.5,49.37
1646,34.3,43.66
1647,31.12,56.52
1648,31.73,48.34
1649,32.07,46.98
1650,33.44,42.4
1651,34.33,47.36
1652,32.46,54.09
1653,34.64,50.16
1654,32.94,49.08
1655,34.31,47.76
1656,35.07,56.07
1657,35.18,51.01
1658,33.01,54.78
1659,32.03,45.31
1660,33.53,56.82
1661,32.61,47.7
1662,31.73,45.89
1663,33.4,56.5
1664,34.2,50.4
1665,32.9,51.27
1666,32.27,53.33
1667,35.04,46.51
1668,32.05,51.29
1669,32.13,42.22
1670,35.02,46.09
1671,35.36,56.43
1672,36.14,47.22
1673,35.98,44.47
1674,35.56,58.68
1675,36.03,47.47
1676,33.18,44.97
1677,35.73,43.87
1678,32.83,42.31
1679,34.59,56.97
1680,35.88,47.44
1681,36.26,41.34
1682,33.26,44.68
1683,33.24,56.9
1684,35.78,45.68
1685,37.05,46.78
1686,33.6,59.24
1687,36.35,47.02
1688,35.45,46.48
1689,34.55,44.21
1690,33.67,50.55
1691,36.36,48.94
1692,36.3,50.66
1693,35.34,54.6
1694,35.79,46.21
1695,35.92,53.89
1696,35.58,48.02
1697,34.34,45.49
1698,36.26,44.9
1699,35.2,58.84
1700,36.3,57.23
1701,35.67,41.37
1702,36.8,40.18
1703,35.0,44.48
1704,38.16,48.59
1705,35.11,40.5
1706,37.09,58.38
1707,38.48,42.55
1708,35.7,58.35
1709,38.81,46.34
1710,35.31,47.78
1711,37.87,47.15
1712,38.11,59.85
1713,37.32,44.14
1714,35.48,57.73
1715,37.01,45.18
1716,35.7,47.59
1717,36.28,41.18
1718,38.67,45.96
1719,35.62,57.34
1720,38.92,44.87
1721,38.77,59.38
1722,37.0,54.42
1723,38.9,50.19
1724,39.79,49.69
1725,37.86,40.59
1726,38.22,49.09
1727,37.41,55.99
1728,39.84,52.51
1729,38.48,53.37
1730,37.33,47.62
1731,37.11,40.22
1732,40.35,53.77
1733,39.79,40.25
1734,39.07,55.19
1735,37.35,45.0
1736,38.55,55.34
1737,38.43,57.59
1738,38.32,49.42
1739,37.27,57.01
1740,37.56,48.5
1741,37.43,41.42
1742,37.84,56.49
1743,37.41,54.47
1744,40.8,42.71
1745,41.01,50.32
1746,38.01,48.07
1747,40.09,44.65
1748,38.87,44.06
1749,38.83,45.39
1750,41.15,40.72
1751,38.09,57.48
1752,40.01,53.21
1753,41.11,46.22
1754,39.26,47.62
1755,40.08,54.25
1756,40.33,44.78
1757,39.77,47.79
1758,41.3,48.85
1759,39.26,46.78
1760,42.14,46.95
1761,41.56,57.39
1762,40.68,57.87
1763,41.22,45.44
1764,40.35,58.07
1765,39.72,44.77
1766,42.71,53.28
1767,41.55,59.49
1768,39.09,54.98
1769,41.28,54.12
1770,39.11,45.14
1771,40.69,42.91
1772,41.35,49.74
1773,42.98,46.42
1774,40.0,52.04
1775,40.74,55.83
1776,43.31,57.92
1777,41.45,41.9
1778,41.07,44.19
1779,42.73,40.37
1780,41.04,44.26
1781,41.5,55.88
1782,43.1,49.28
1783,41.04,48.61
1784,41.39,46.25
1785,42.16,58.78
1786,40.86,52.17
1787,41.68,43.41
1788,43.3,51.18
1789,40.46,46.5
1790,41.77,43.85
1791,41.19,58.65
1792,43.83,43.05
1793,42.98,47.68
1794,44.62,41.64
1795,43.37,43.9
1796,43.08,58.9
1797,42.41,52.36
1798,43.62,47.53
1799,42.01,53.24
1800,41.48,47.45
1801,42.46,46.59
1802,44.65,57.92
1803,44.52,45.77
1804,44.21,40.46
1805,44.7,51.46
1806,43.24,46.18
1807,42.44,43.74
1808,42.41,57.11
1809,45.14,56.69
1810,44.05,41.52
1811,44.69,41.32
1812,43.65,48.2
1813,43.56,54.53
1814,45.91,40.37
1815,44.06,53.69
1816,45.69,46.39
1817,44.71,46.12
1818,43.07,42.96
1819,42.99,54.17
1820,43.28,52.71
1821,43.17,42.73
1822,42.82,53.69
1823,44.53,52.62
1824,44.14,47.14
1825,45.01,56.94
1826,44.9,50.08
1827,44.45,43.2
1828,45.28,49.98
1829,43.38,46.8
1830,46.45,52.69
1831,46.53,59.17
1832,46.62,43.7
1833,45.77,57.18
1834,45.0,54.75
1835,44.53,43.06
1836,45.68,54.15
1837,44.98,41.53
1838,45.69,54.53
1839,44.35,47.54
1840,45.88,53.7
1841,44.94,43.93
1842,44.15,53.13
1843,47.14,52.93
1844,47.94,43.57
1845,45.29,56.75
1846,46.82,57.71
1847,45.13,42.36
1848,48.07,55.72
1849,47.01,48.21
1850,44.97,50.49
1851,47.09,40.47
1852,48.25,44.01
1853,47.93,40.57
1854,48.09,53.58
1855,46.21,52.59
1856,48.91,42.1
1857,48.49,47.95
1858,47.19,44.19
1859,48.32,41.46
1860,46.03,56.08
1861,45.71,43.07
1862,47.17,43.67
1863,48.31,44.21
1864,47.73,59.66
1865,47.42,57.78
1866,45.82,51.11
1867,47.66,41.65
1868,47.78,42.34
1869,48.76,43.03
1870,49.93,47.19
1871,46.27,41.69
1872,48.44,45.42
1873,47.26,41.24
1874,48.26,50.37
1875,49.92,44.38
1876,47.67,50.29
1877,49.57,58.99
1878,49.07,51.05
1879,47.39,54.74
1880,48.89,51.76
1881,50.01,52.66
1882,49.0,51.41
1883,48.99,54.74
1884,47.45,41.35
1885,49.71,56.92
1886,50.41,46.55
1887,50.33,45.96
1888,50.93,49.55
1889,48.52,54.82
1890,49.48,51.26
1891,48.89,40.56
1892,50.32,54.1
1893,49.62,46.33
1894,50.44,48.87
1895,49.95,45.72
1896,50.44,52.23
1897,50.63,51.46
1898,50.57,44.84
1899,50.57,58.26
1900,51.43,54.87
1901,51.38,57.1
1902,48.41,45.12
1903,51.29,44.34
1904,50.92,45.17
1905,51.89,44.99
1906,50.09,54.52
1907,51.81,52.9
1908,51.6,50.9
1909,49.72,56.05
1910,49.17,49.58
1911,51.75,56.19
1912,49.66,48.98
1913,49.23,55.36
1914,49.86,41.87
1915,49.79,48.7
1916,51.13,48.14
1917,51.59,59.82
1918,50.98,45.87
1919,50.2,46.33
1920,52.63,51.03
1921,52.61,50.85
1922,49.84,55.02
1923,52.5,41.0
1924,51.62,52.24
1925,52.45,54.73
1926,53.91,46.85
1927,50.95,58.86
1928,50.45,47.79
1929,52.44,42.88
1930,53.31,49.62
1931,51.92,44.43
1932,53.01,46.5
1933,50.62,58.38
1934,52.16,49.55
1935,53.19,51.4
1936,53.83,43.14
1937,51.35,41.92
1938,52.18,58.39
1939,51.22,45.04
1940,52.37,44.46
1941,52.43,46.82
1942,54.21,44.25
1943,51.37,46.12
1944,51.33,56.05
1945,54.02,43.8
1946,54.28,44.92
1947,51.58,54.12
1948,55.36,58.12
1949,55.07,58.27
1950,53.82,51.4
1951,54.73,44.86
1952,55.32,51.65
1953,55.54,40.51
1954,55.57,51.77
1955,54.43,56.03
1956,55.73,50.48
1957,53.12,59.21
1958,53.04,47.15
1959,52.57,53.77
1960,53.61,56.06
1961,55.37,52.32
1962,55.51,58.6
1963,55.89,52.66
1964,54.5,48.92
1965,52.86,55.86
1966,56.67,42.38
1967,54.34,50.92
1968,55.08,44.38
1969,54.53,46.25
1970,55.62,43.36
1971,53.11,46.25
1972,54.48,56.6
1973,54.43,59.34
1974,55.68,41.97
1975,54.19,52.38
1976,54.62,48.52
1977,55.66,55.17
1978,54.65,46.08
1979,55.86,55.58
1980,56.53,56.85
1981,55.32,54.32
1982,54.64,51.32
1983,55.26,44.6
1984,56.6,45.85
1985,55.01,53.7
1986,57.19,51.01
1987,54.87,43.1
1988,57.89,42.76
1989,58.22,42.76
1990,56.78,57.31
1991,57.7,43.9
1992,57.86,42.0
1993,56.42,50.13
1994,58.58,43.33
1995,57.85,54.61
1996,57.04,56.49
1997,58.84,51.85
1998,55.07,50.39
1999,57.89,49.99
2000,58.88,40.59
2001,55.4,42.56
2002,56.71,49.54
2003,55.32,41.34
2004,58.38,51.55
2005,57.34,53.4
2006,58.58,52.61
2007,56.97,42.08
2008,56.68,42.93
2009,55.87,48.35
2010,56.39,55.14
2011,56.61,50.76
2012,57.43,49.59
2013,59.96,47.04
2014,59.78,59.51
2015,57.24,49.38
2016,57.69,59.89
2017,58.02,47.16
2018,56.64,55.72
2019,58.21,46.98
2020,57.53,42.31
2021,58.28,58.93
2022,58.81,55.52
2023,57.6,55.76
2024,59.1,57.0
2025,57.14,47.37
2026,59.47,45.38
2027,58.88,52.38
2028,60.03,48.05
2029,59.8,45.17
2030,59.13,46.18
2031,59.21,55.27
2032,58.87,48.76
2033,58.02,55.9
2034,59.44,56.53
2035,59.11,57.24
2036,60.07,57.46
2037,60.18,45.34
2038,60.58,46.9
2039,61.73,49.06
2040,58.27,51.12
2041,58.34,59.08
2042,59.21,50.46
2043,59.27,55.04
2044,60.18,53.15
2045,61.91,54.43
2046,58.97,55.11
2047,59.22,50.97
2048,60.64,49.43
2049,62.28,55.76
2050,60.26,50.75
2051,62.26,53.53
2052,61.37,57.38
2053,60.6,48.73
2054,60.04,50.08
2055,60.13,54.99
2056,60.92,51.15
2057,60.86,40.91
2058,62.63,43.32
2059,61.96,51.28
2060,62.8,47.89
2061,62.3,48.58
2062,62.35,40.09
2063,61.96,51.0
2064,63.51,53.71
2065,61.46,56.08
2066,60.9,46.98
2067,61.78,46.73
2068,61.04,40.14
2069,61.61,55.73
2070,60.63,48.4
2071,62.71,44.73
2072,63.95,54.36
2073,63.21,46.96
2074,63.89,52.75
2075,60.97,56.86
2076,63.91,47.33
2077,63.4,43.67
2078,61.73,43.55
2079,63.46,41.43
2080,64.08,53.98
2081,63.1,42.49
2082,62.04,51.06
2083,61.15,48.4
2084,63.67,50.32
2085,64.92,58.34
2086,64.11,53.4
2087,62.08,57.67
2088,64.59,53.65
2089,62.39,59.83
2090,63.27,43.88
2091,61.56,59.23
2092,63.97,56.95
2093,61.78,58.8
2094,62.7,42.82
2095,62.23,46.74
2096,62.7,46.67
2097,64.86,42.44
2098,65.72,57.45
2099,63.92,44.8
2100,65.12,48.67
2101,63.06,55.74
2102,63.81,43.18
2103,64.03,46.3
2104,63.41,51.73
2105,62.59,59.29
2106,65.26,47.4
2107,64.59,45.17
2108,63.65,52.17
2109,62.91,42.13
2110,64.52,50.88
2111,63.98,49.85
2112,65.75,50.36
2113,65.7,41.18
2114,65.79,47.78
2115,66.27,53.44
2116,66.32,44.02
2117,63.27,54.14
2118,66.57,42.15
2119,63.52,58.41
2120,66.61,55.62
2121,63.72,56.64
2122,64.25,40.45
2123,64.44,54.3
2124,66.27,42.23
2125,67.07,43.61
2126,67.21,59.73
2127,65.52,51.07
2128,64.35,56.75
2129,65.94,45.24
2130,67.53,42.21
2131,67.65,41.39
2132,67.28,53.46
2133,66.54,47.15
2134,65.41,51.11
2135,67.07,40.31
2136,64.92,48.07
2137,64.74,45.84
2138,66.0,41.11
2139,65.95,48.57
2140,66.13,51.12
2141,66.17,42.14
2142,68.18,53.0
2143,67.42,49.8
2144,66.64,44.68
2145,68.99,52.1
2146,68.88,57.23
2147,65.69,47.15
2148,68.51,43.98
2149,68.97,59.18
2150,69.06,46.55
2151,67.21,51.49
2152,66.48,55.61
2153,67.21,50.91
2154,68.36,55.74
2155,66.12,40.74
2156,69.4,51.12
2157,69.24,51.98
2158,69.36,52.15
2159,69.89,43.44
2160,69.34,40.38
2161,69.64,41.69
2162,67.57,45.44
2163,69.4,45.94
2164,68.37,51.06
2165,68.39,46.75
2166,67.06,59.25
2167,67.19,43.95
2168,67.67,47.86
2169,66.96,52.2
2170,69.24,49.1
2171,67.54,42.18
2172,67.13,51.76
2173,67.15,48.61
2174,69.22,55.92
2175,66.59,49.78
2176,67.92,57.23
2177,67.03,41.99
2178,65.11,54.89
2179,67.11,42.81
2180,67.1,46.78
2181,67.85,50.04
2182,65.23,41.55
2183,64.82,44.65
2184,67.03,57.11
2185,65.42,47.77
2186,64.49,53.98
2187,64.56,53.59
2188,66.43,54.33
2189,65.39,59.99
2190,68.05,49.74
2191,67.48,49.57
2192,66.86,49.51
2193,66.26,59.33
2194,66.46,55.9
2195,65.45,43.59
2196,64.87,58.15
2197,64.37,49.92
2198,66.31,50.98
2199,66.55,54.27
2200,64.48,58.26
2201,66.83,57.0
2202,63.49,53.17
2203,65.26,57.34
2204,67.05,42.15
2205,66.83,51.65
2206,66.84,53.94
2207,64.38,49.22
2208,64.07,56.16
2209,65.16,43.46
2210,63.13,48.49
2211,65.89,59.18
2212,66.09,43.76
2213,63.03,58.04
2214,62.59,58.94
2215,65.01,59.53
2216,62.69,43.84
2217,65.92,43.14
2218,63.99,52.87
2219,63.26,55.07
2220,63.88,41.26
2221,65.86,42.6
2222,64.51,46.4
2223,61.89,54.27
2224,65.8,50.78
2225,65.64,40.5
2226,64.16,41.14
2227,63.82,52.46
2228,63.65,44.15
2229,61.77,54.87
2230,62.55,58.79
2231,64.46,52.08
2232,63.3,42.36
2233,62.92,50.38
2234,62.13,59.67
2235,62.38,51.0
2236,64.27,42.8
2237,62.99,58.75
2238,64.02,45.63
2239,62.09,45.7
2240,61.5,55.38
2241,62.58,50.44
2242,62.75,55.63
2243,61.07,42.33
2244,62.32,45.1
2245,62.05,50.7
2246,62.85,50.07
2247,62.06,43.87
2248,63.82,58.94
2249,63.64,47.23
2250,62.07,51.08
2251,61.27,58.06
2252,61.13,50.71
2253,63.16,40.31
2254,59.95,55.77
2255,62.26,45.67
2256,60.04,53.06
2257,61.13,59.05
2258,61.5,45.17
2259,63.06,54.34
2260,61.77,55.31
2261,61.54,53.85
2262,59.36,53.38
2263,60.01,50.59
2264,62.61,57.08
2265,59.83,57.3
2266,59.86,58.46
2267,60.73,44.2
2268,62.65,59.78
2269,60.73,59.77
2270,60.54,54.79
2271,60.94,48.25
2272,59.92,50.49
2273,59.58,59.69
2274,59.52,50.78
2275,60.34,45.11
2276,62.08,51.68
2277,58.23,59.21
2278,61.0,53.5
2279,61.93,41.92
2280,59.42,58.87
2281,61.82,55.83
2282,60.23,57.03
2283,61.48,46.11
2284,58.39,53.91
2285,61.2,40.53
2286,60.9,58.42
2287,60.69,54.91
2288,59.86,54.83
2289,59.73,55.69
2290,57.75,47.07
2291,57.77,56.52
2292,57.97,47.95
2293,60.59,42.18
2294,60.02,52.81
2295,59.61,55.34
2296,58.94,43.07
2297,57.33,54.05
2298,59.62,42.77
2299,59.16,44.02
2300,59.43,59.98
2301,57.85,40.95
2302,56.55,48.9
2303,57.14,45.81
2304,57.81,40.95
2305,59.94,49.8
2306,59.19,46.27
2307,57.93,51.83
2308,57.89,45.0
2309,57.59,50.11
2310,56.35,45.72
2311,56.32,59.85
2312,57.14,52.84
2313,59.18,52.58
2314,57.68,53.95
2315,58.09,49.6
2316,59.14,44.81
2317,56.22,57.93
2318,56.05,47.11
2319,56.58,43.16
2320,57.51,46.06
2321,55.68,48.42
2322,55.88,54.35
2323,56.02,41.18
2324,56.14,51.05
2325,57.83,49.76
2326,56.31,43.01
2327,57.91,44.03
2328,56.39,52.14
2329,55.08,54.32
2330,55.03,46.88
2331,58.09,46.58
2332,54.51,50.56
2333,56.26,58.46
2334,56.94,56.53
2335,55.84,50.37
2336,57.9,40.82
2337,56.89,50.56
2338,54.38,45.72
2339,57.81,50.92
2340,54.79,47.22
2341,55.97,49.51
2342,54.01,50.99
2343,56.62,45.39
2344,55.34,41.61
2345,53.6,55.61
2346,55.77,45.76
2347,56.6,57.99
2348,55.46,44.94
2349,54.91,59.85
2350,54.51,56.8
2351,56.92,46.5
2352,53.33,59.25
2353,52.92,41.46
2354,55.9,57.09
2355,56.52,53.28
2356,54.52,50.05
2357,53.45,50.82
2358,55.44,55.54
2359,52.74,47.28
2360,53.61,43.88
2361,55.8,43.57
2362,53.28,57.91
2363,55.22,43.8
2364,52.62,54.48
2365,54.73,58.17
2366,54.89,50.26
2367,55.31,51.94
2368,53.63,49.45
2369,54.36,48.04
2370,52.34,55.72
2371,51.9,54.63
2372,54.51,58.71
2373,52.87,50.72
2374,52.37,49.5
2375,53.2,58.21
2376,52.31,47.97
2377,54.17,50.38
2378,54.11,40.17
2379,53.44,48.96
2380,53.52,53.47
2381,50.97,58.95
2382,52.26,48.56
2383,53.32,43.01
2384,53.02,54.72
2385,52.2,47.29
2386,52.9,53.29
2387,52.28,41.23
2388,54.0,47.54
2389,50.86,49.37
2390,51.78,52.28
2391,52.44,47.53
2392,50.96,53.01
2393,53.07,59.37
2394,53.97,59.53
2395,51.39,42.36
2396,52.44,50.89
2397,53.52,47.09
2398,52.47,59.52
2399,50.99,43.2
2400,52.33,44.48
2401,52.61,41.75
2402,50.77,56.69
2403,51.07,44.15
2404,49.84,45.63
2405,52.8,48.91
2406,51.93,59.57
2407,50.83,52.53
2408,49.06,57.28
2409,49.29,45.62
2410,52.86,58.67
2411,51.77,50.43
2412,51.85,53.91
2413,49.64,56.32
2414,48.88,40.55
2415,51.3,49.09
2416,51.41,44.5
2417,51.64,41.92
2418,48.96,50.04
2419,50.67,41.53
2420,50.78,47.92
2421,48.29,48.22
2422,51.12,55.99
2423,51.68,44.7
2424,51.48,45.19
2425,48.24,48.58
2426,47.85,45.16
2427,48.96,41.83
2428,50.55,52.87
2429,50.62,57.85
2430,50.81,55.25
2431,48.64,42.39
2432,49.42,47.36
2433,49.74,51.84
2434,49.83,58.59
2435,50.26,46.55
2436,50.85,58.05
2437,47.79,42.03
2438,50.48,44.08
2439,49.73,45.29
2440,50.26,41.89
2441,49.21,47.65
2442,48.06,58.39
2443,49.61,54.28
2444,48.17,59.77
2445,48.0,59.58
2446,47.44,44.86
2447,46.6,49.67
2448,49.12,58.29
2449,48.05,43.03
2450,49.58,51.52
2451,46.81,45.9
2452,47.03,44.13
2453,47.88,55.57
2454,49.35,57.8
2455,46.86,58.63
2456,47.63,48.12
2457,49.0,49.19
2458,46.53,58.06
2459,46.62,47.06
2460,47.63,43.63
2461,47.21,50.55
2462,48.78,51.92
2463,46.1,55.21
2464,48.81,46.94
2465,48.89,43.68
2466,46.03,53.69
2467,47.74,43.62
2468,46.34,56.24
2469,48.19,41.39
2470,46.89,43.03
2471,45.98,46.15
2472,45.46,59.2
2473,48.35,57.1
2474,45.29,58.77
2475,47.4,53.77
2476,48.03,52.64
2477,44.89,54.14
2478,46.1,46.19
2479,46.49,40.65
2480,46.91,41.38
2481,47.6,59.62
2482,45.38,47.84
2483,46.22,54.85
2484,47.48,52.61
2485,44.9,40.25
2486,44.25,41.09
2487,46.25,54.59
2488,46.35,55.8
2489,46.29,54.47
2490,45.94,40.93
2491,47.12,40.67
2492,45.47,40.82
2493,46.47,58.32
2494,46.49,45.43
2495,44.85,50.3
2496,44.44,56.63
2497,45.0,50.61
2498,43.98,42.72
2499,43.99,44.82
2500,43.29,40.81
2501,43.33,59.11
2502,43.48,50.41
2503,42.49,55.29
2504,42.58,40.77
2505,44.33,48.13
2506,43.64,42.89
2507,44.97,43.36
2508,42.23,58.74
2509,45.28,58.26
2510,44.73,57.0
2511,42.46,58.99
2512,42.09,57.84
2513,44.96,51.11
2514,44.0,41.94
2515,43.95,56.93
2516,44.78,57.26
2517,42.44,41.04
2518,44.86,51.53
2519,42.02,51.66
2520,41.3,43.44
2521,42.01,48.12
2522,44.06,46.58
2523,44.49,51.99
2524,44.09,58.86
2525,41.09,46.26
2526,41.84,56.29
2527,41.85,51.75
2528,41.29,44.3
2529,41.48,48.85
2530,42.89,49.2
2531,42.3,41.24
2532,42.81,55.83
2533,42.73,49.95
2534,41.17,47.79
2535,43.85,44.1
2536,41.74,45.33
2537,43.6,44.47
2538,40.86,41.15
2539,42.44,42.02
2540,42.89,47.58
2541,40.28,59.14
2542,42.0,54.41
2543,41.69,55.43
2544,43.1,54.17
2545,43.17,48.22
2546,42.77,45.05
2547,43.06,57.85
2548,42.55,57.36
2549,40.83,56.56
2550,41.08,46.79
2551,40.6,55.79
2552,41.64,55.72
2553,41.18,51.21
2554,40.23,55.5
2555,40.89,46.96
2556,41.42,54.39
2557,41.68,59.41
2558,40.06,47.15
2559,42.36,45.43
2560,41.19,48.61
2561,41.58,50.0
2562,38.62,43.87
2563,39.11,58.17
2564,38.42,53.07
2565,38.84,57.04
2566,38.93,49.48
2567,39.3,44.79
2568,38.53,45.77
2569,39.86,51.62
2570,40.52,52.08
2571,39.34,51.18
2572,39.95,50.14
2573,40.45,53.02
2574,40.39,44.11
2575,40.49,55.23
2576,41.32,51.05
2577,39.5,53.78
2578,40.91,44.45
2579,38.53,43.16
2580,38.46,56.21
2581,40.75,59.2
2582,37.85,47.64
2583,39.56,58.12
2584,38.31,42.92
2585,39.91,58.09
2586,37.2,54.09
2587,36.84,43.6
2588,38.23,59.04
2589,39.6,45.87
2590,37.47,55.41
2591,38.09,46.06
2592,38.17,58.06
2593,36.25,45.09
2594,38.95,58.93
2595,37.02,55.14
2596,37.6,40.48
2597,38.57,55.74
2598,39.5,42.72
2599,38.19,41.98
2600,38.89,49.98
2601,36.3,44.58
2602,37.94,51.1
2603,37.37,43.59
2604,37.5,49.72
2605,36.84,50.4
2606,38.18,51.94
2607,36.96,50.64
2608,37.1,45.46
2609,36.08,58.84
2610,36.19,54.55
2611,38.14,44.34
2612,38.69,56.58
2613,38.68,47.79
2614,36.04,47.03
2615,38.18,43.44
2616,36.04,41.68
2617,38.41,44.09
2618,35.21,56.14
2619,34.86,44.1
2620,34.79,58.6
2621,36.14,42.68
2622,37.2,46.77
2623,38.04,46.47
2624,36.49,50.54
2625,34.01,56.24
2626,36.82,49.05
2627,34.91,50.34
2628,35.32,56.45
2629,35.08,51.01
2630,33.99,40.5
2631,37.42,55.05
2632,34.22,48.47
2633,35.26,45.05
2634,35.76,56.5
2635,34.94,57.62
2636,34.14,40.06
2637,36.46,42.78
2638,35.36,58.18
2639,34.26,59.21
2640,36.77,55.85
2641,36.84,54.24
2642,33.38,50.65
2643,36.0,47.76
2644,33.58,50.5
2645,32.98,57.44
2646,34.88,45.1
2647,35.98,48.85
2648,35.82,47.71
2649,34.28,53.15
2650,34.89,47.69
2651,33.16,53.5
2652,33.14,40.09
2653,33.66,46.26
2654,33.07,48.88
2655,35.74,56.08
2656,31.93,44.38
2657,34.77,48.83
2658,35.12,46.45
2659,34.16,56.3
2660,34.89,47.67
2661,31.79,53.58
2662,35.31,58.37
2663,31.74,55.23
2664,32.56,46.87
2665,34.58,59.26
2666,32.69,58.55
2667,32.56,47.48
2668,32.98,53.31
2669,33.47,53.04
2670,32.99,44.89
2671,31.87,52.89
2672,32.44,54.34
2673,32.41,57.65
2674,33.12,56.08
2675,32.91,50.06
2676,33.72,51.35
2677,32.02,48.24
2678,30.59,50.86
2679,31.27,50.36
2680,31.26,54.95
2681,30.49,54.05
2682,31.32,52.98
2683,31.36,51.19
2684,30.37,44.73
2685,32.55,57.18
2686,32.75,45.35
2687,32.78,51.81
2688,31.14,57.8
2689,32.04,53.8
2690,33.06,56.81
2691,31.81,45.34
2692,30.91,55.93
2693,33.19,58.64
2694,30.58,44.35
2695,30.18,54.91
2696,30.46,57.98
2697,29.08,45.23
2698,31.74,47.66
2699,32.32,55.76
2700,32.47,45.21
2701,31.04,52.27
2702,31.73,59.52
2703,29.67,58.68
2704,30.07,43.5
2705,29.39,41.04
2706,31.64,56.82
2707,29.0,56.33
2708,31.49,55.59
2709,30.86,49.97
2710,31.89,50.99
2711,28.94,42.25
2712,30.96,40.66
2713,31.68,46.69
2714,30.16,49.38
2715,31.0,52.89
2716,30.39,59.74
2717,29.52,40.65
2718,28.3,41.9
2719,27.55,48.64
2720,28.1,53.91
2721,28.71,41.72
2722,28.77,46.44
2723,28.34,41.18
2724,27.24,54.45
2725,28.14,45.75
2726,27.87,53.79
2727,28.29,56.42
2728,27.99,44.58
2729,28.67,46.07
2730,27.59,47.5
2731,29.65,59.56
2732,27.3,49.66
2733,29.55,41.3
2734,30.04,56.2
2735,28.76,43.18
2736,26.92,42.4
2737,27.29,55.4
2738,26.78,40.79
2739,27.57,44.16
2740,28.02,48.67
2741,28.27,44.4
2742,29.34,46.06
2743,28.61,56.87
2744,28.22,43.08
2745,28.99,49.81
2746,29.12,51.84
2747,28.22,44.33
2748,29.29,43.9
2749,26.68,41.39
2750,25.8,42.19
2751,27.62,42.49
2752,28.82,51.07
2753,25.42,55.88
2754,28.53,55.78
2755,27.97,50.05
2756,26.78,45.88
2757,25.19,56.09
2758,28.71,58.59
2759,28.23,55.73
2760,24.65,54.48
2761,25.48,55.31
2762,26.17,53.07
2763,24.63,47.88
2764,25.03,59.12
2765,25.37,46.7
2766,27.84,51.9
2767,25.06,59.16
2768,27.07,57.97
2769,24.36,40.73
2770,23.94,55.17
2771,24.82,56.47
2772,26.33,45.41
2773,24.2,51.11
2774,24.08,49.12
2775,25.43,54.71
2776,23.94,50.74
2777,25.79,42.03
2778,26.64,53.95
2779,25.37,42.31
2780,23.44,41.36
2781,25.82,40.13
2782,26.59,53.32
2783,24.28,57.37
2784,24.49,48.43
2785,25.2,56.8
2786,25.19,52.02
2787,26.04,43.06
2788,23.5,47.6
2789,23.89,42.11
2790,25.62,43.15
2791,22.76,50.69
2792,25.82,49.97
2793,23.77,57.27
2794,23.3,55.84
2795,23.25,54.57
2796,22.49,53.07
2797,22.92,42.38
2798,23.46,58.96
2799,24.68,51.35
2800,25.33,51.66
2801,25.56,58.29
2802,22.83,43.53
2803,23.29,43.62
2804,25.23,55.08
2805,22.64,45.95
2806,22.83,53.7
2807,22.08,52.86
2808,24.07,48.06
2809,25.13,48.84
2810,24.86,45.96
2811,24.5,58.2
2812,24.18,57.33
2813,23.47,46.21
2814,21.0,43.79
2815,24.73,51.42
2816,22.5,48.0
2817,22.99,42.74
2818,21.93,48.97
2819,21.77,58.24
2820,22.46,47.34
2821,22.93,52.99
2822,22.19,49.0
2823,24.0,41.52
2824,20.9,53.1
2825,21.82,59.23
2826,22.22,52.63
2827,21.37,58.58
2828,21.6,45.34
2829,22.52,41.99
2830,22.88,50.02
2831,23.02,53.26
2832,23.31,54.09
2833,22.49,42.93
2834,19.98,50.82
2835,20.55,53.09
2836,19.81,59.38
2837,23.09,59.46
2838,22.53,44.0
2839,19.34,56.58
2840,20.17,50.38
2841,22.44,50.81
2842,20.49,48.95
2843,18.99,57.24
2844,22.31,56.08
2845,22.39,44.45
2846,21.99,53.2
2847,19.41,57.27
2848,20.95,56.89
2849,20.65,45.84
2850,18.6,56.8
2851,19.41,44.03
2852,18.27,44.92
2853,18.72,52.91
2854,18.92,58.22
2855,18.41,40.84
2856,19.93,50.89
2857,19.64,52.72
2858,21.02,42.15
2859,19.31,41.99
2860,18.0,44.62
2861,19.23,46.02
2862,19.6,42.79
2863,19.73,40.39
2864,18.89,59.46
2865,20.56,56.1
2866,19.6,40.95
2867,17.71,40.2
2868,19.7,46.86
2869,19.21,54.64
2870,17.97,40.52
2871,17.07,58.21
2872,16.98,57.01
2873,18.63,44.43
2874,19.75,50.47
2875,17.64,42.26
2876,18.9,55.93
2877,18.01,53.83
2878,16.77,42.29
2879,19.08,45.46
2880,19.05,53.9
2881,17.27,42.75
2882,14.65,45.98
2883,17.03,52.08
2884,16.53,44.91
2885,17.2,59.95
2886,18.13,46.44
2887,15.72,43.14
2888,15.96,59.0
2889,15.08,58.94
2890,15.02,52.32
2891,16.96,48.21
2892,16.98,49.31
2893,18.2,55.49
2894,16.01,43.15
2895,15.82,57.35
2896,17.22,56.21
2897,16.16,55.93
2898,16.79,49.15
2899,16.49,57.13
2900,16.84,58.71
2901,15.74,59.91
2902,17.17,46.93
2903,16.14,49.57
2904,16.61,42.9
2905,18.59,41.5
2906,18.64,46.21
2907,16.25,50.31
2908,17.91,46.95
2909,18.46,56.79
2910,17.56,58.42
2911,18.1,40.34
2912,19.45,51.73
2913,18.1,51.1
2914,16.89,42.44
2915,18.1,49.68
2916,17.59,47.18
2917,20.08,48.37
2918,19.7,51.34
2919,19.45,49.01
2920,17.54,51.79
2921,20.74,55.28
2922,17.49,43.47
2923,19.36,43.79
2924,19.6,41.61
2925,19.43,58.44
2926,21.19,54.28
2927,18.68,47.12
2928,18.04,40.52
2929,18.33,51.82
2930,17.63,42.66
2931,20.32,49.78
2932,17.88,40.82
2933,20.95,43.69
2934,18.87,48.2
2935,18.9,52.27
2936,18.02,54.36
2937,19.84,56.97
2938,20.13,49.42
2939,19.48,55.85
2940,19.21,49.75
2941,21.86,43.93
2942,18.63,43.04
2943,18.81,40.14
2944,18.89,40.77
2945,20.38,58.53
2946,22.12,41.7
2947,20.45,52.07
2948,20.96,43.74
2949,21.31,43.2
2950,21.75,53.59
2951,21.64,52.47
2952,21.35,41.89
2953,19.84,48.36
2954,20.05,53.29
2955,22.27,44.16
2956,21.2,54.7
2957,20.98,56.74
2958,19.59,51.19
2959,21.11,56.2
2960,20.07,40.95
2961,21.06,41.3
2962,21.94,41.48
2963,23.36,57.24
2964,23.68,52.74
2965,22.8,49.59
2966,21.46,51.92
2967,23.56,58.73
2968,21.03,49.72
2969,23.95,53.72
2970,23.68,57.03
2971,22.01,58.06
2972,21.68,49.13
2973,23.21,54.63
2974,22.14,47.63
2975,23.03,42.12
2976,20.91,56.8
2977,23.83,47.52
2978,24.55,45.39
2979,21.6,53.67
2980,24.38,40.39
2981,23.95,46.5
2982,24.38,52.31
2983,21.24,41.43
2984,21.96,51.34
2985,25.1,40.69
2986,25.27,59.88
2987,22.24,43.57
2988,23.8,57.12
2989,21.87,44.67
2990,24.07,44.36
2991,25.43,42.12
2992,25.24,41.17
2993,22.16,49.08
2994,22.02,50.13
2995,22.67,51.69
2996,25.92,56.38
2997,25.07,41.57
2998,24.0,50.94
2999,22.8,40.66
3000,23.75,54.45
3001,22.84,57.01
3002,25.0,49.62
3003,23.57,55.03
3004,26.54,43.8
3005,26.42,59.7
3006,25.73,58.67
3007,24.81,41.89
3008,25.46,46.43
3009,26.91,59.34
3010,25.93,53.71
3011,25.37,51.16
3012,27.1,49.49
3013,23.65,55.27
3014,27.23,56.18
3015,23.5,48.74
3016,26.59,54.95
3017,24.15,48.71
3018,26.95,49.46
3019,26.63,45.77
3020,27.22,46.05
3021,25.11,52.37
3022,24.73,55.47
3023,25.08,47.57
3024,25.89,59.26
3025,24.79,45.45
3026,24.7,58.37
3027,24.7,45.2
3028,25.27,46.58
3029,24.85,45.43
3030,26.07,41.99
3031,27.74,56.15
3032,26.26,53.16
3033,25.03,55.92
3034,27.01,47.12
3035,26.15,53.64
3036,25.15,58.17
3037,24.98,47.15
3038,25.4,48.1
3039,28.49,47.69
3040,25.91,40.34
3041,26.15,56.47
3042,26.73,41.84
3043,28.38,52.79
3044,28.06,54.53
3045,27.29,54.02
3046,27.65,49.35
3047,26.51,41.01
3048,26.92,47.38
3049,27.03,47.11
3050,27.82,47.01
3051,26.58,54.17
3052,26.16,58.93
3053,28.6,53.94
3054,28.85,48.28
3055,28.63,58.03
3056,29.86,58.42
3057,27.99,42.33
3058,27.78,55.95
3059,27.34,59.65
3060,26.91,47.25
3061,30.52,56.29
3062,30.13,52.99
3063,30.63,54.95
3064,28.44,42.18
3065,30.69,51.54
3066,29.26,59.83
3067,27.8,56.79
3068,29.01,45.41
3069,28.76,57.69
3070,27.91,44.02
3071,29.75,55.99
3072,29.84,51.15
3073,30.16,58.12
3074,27.91,58.47
3075,29.52,50.18
3076,31.42,49.35
3077,30.27,41.5
3078,29.14,40.69
3079,30.7,43.15
3080,31.46,53.71
3081,31.33,47.25
3082,31.01,41.58
3083,30.5,59.82
3084,29.92,45.35
3085,28.42,54.16
3086,31.21,41.04
3087,30.02,46.28
3088,31.12,50.59
3089,28.9,44.47
3090,29.69,45.61
3091,32.24,48.01
3092,30.85,40.62
3093,32.41,50.11
3094,29.7,46.8
3095,32.41,40.02
3096,31.19,57.65
3097,30.15,52.63
3098,32.65,55.41
3099,29.54,45.32
3100,32.04,50.46
3101,32.47,49.79
3102,30.83,43.8
3103,32.65,52.99
3104,33.54,53.49
3105,32.52,49.22
3106,30.95,47.04
3107,33.55,58.0
3108,30.55,57.1
3109,31.19,59.44
3110,32.07,46.44
3111,33.2,44.18
3112,31.46,59.07
3113,32.38,44.29
3114,32.81,50.12
3115,33.55,58.31
3116,30.58,46.68
3117,33.15,49.43
3118,34.41,40.33
3119,32.29,47.03
3120,34.32,55.38
3121,33.57,53.19
3122,31.45,50.72
3123,33.33,59.14
3124,31.08,57.67
3125,34.16,44.51
3126,33.24,54.69
3127,32.67,52.88
3128,34.18,59.09
3129,33.6,48.84
3130,33.21,46.6
3131,34.35,46.95
3132,31.75,45.07
3133,31.84,54.93
3134,35.24,59.17
3135,34.9,59.44
3136,31.81,52.83
3137,33.48,46.09
3138,34.7,49.05
3139,35.85,51.95
3140,35.63,43.17
3141,35.98,54.73
3142,35.38,49.47
3143,35.07,58.1
3144,35.22,50.64
3145,34.59,57.48
3146,32.83,53.93
3147,36.43,56.37
3148,35.5,52.01
3149,33.05,46.27
3150,34.96,42.87
3151,33.22,53.78
3152,35.56,45.93
3153,33.1,40.28
3154,35.87,54.73
3155,35.72,56.88
3156,35.66,45.69
3157,33.75,54.99
3158,33.95,42.53
3159,34.77,47.14
3160,36.27,46.85
3161,36.73,49.47
3162,34.42,45.8
3163,35.02,49.37
3164,35.96,56.37
3165,37.78,47.55
3166,37.49,42.85
3167,35.66,41.07
3168,37.85,54.33
3169,37.1,56.46
3170,37.65,56.21
3171,36.92,47.93
3172,35.91,40.22
3173,34.64,59.19
3174,36.52,44.07
3175,34.96,52.93
3176,37.23,57.4
3177,35.9,55.95
3178,35.03,50.22
3179,35.88,46.17
3180,36.28,47.83
3181,36.34,43.56
3182,37.71,45.71
3183,36.55,58.68
3184,36.25,43.11
3185,36.42,55.16
3186,36.84,46.21
3187,36.58,46.21
3188,38.31,48.44
3189,39.39,44.29
3190,38.37,59.47
3191,36.97,56.22
3192,37.56,47.53
3193,37.78,46.55
3194,36.34,57.06
3195,38.89,53.61
3196,36.53,41.09
3197,39.68,46.07
3198,36.84,50.65
3199,36.26,42.34
3200,36.99,50.99
3201,37.5,48.55
3202,37.9,46.2
3203,40.29,51.67
3204,38.53,47.02
3205,36.64,50.95
3206,37.43,51.38
3207,37.32,41.39
3208,38.13,45.86
3209,39.55,52.83
3210,40.31,40.12
3211,38.96,43.57
3212,39.18,45.35
3213,38.15,44.76
3214,38.52,48.44
3215,37.71,55.89
3216,37.84,54.37
3217,40.75,53.41
3218,38.86,50.05
3219,38.03,53.49
3220,40.5,42.66
3221,41.68,49.39
3222,38.1,56.69
3223,38.15,57.48
3224,39.67,46.81
3225,38.22,40.21
3226,41.95,57.18
3227,41.18,40.17
3228,41.02,41.71
3229,41.59,42.38
3230,38.89,55.41
3231,41.52,57.34
3232,42.2,54.83
3233,42.1,52.64
3234,40.63,54.78
3235,42.29,56.57
3236,38.79,55.03
3237,39.34,50.76
3238,39.53,50.72
3239,40.18,55.32
3240,40.57,41.8
3241,39.51,40.97
3242,41.53,48.61
3243,42.69,52.33
3244,40.03,52.51
3245,42.13,44.83
3246,40.58,43.49
3247,40.14,40.19
3248,42.25,41.07
3249,43.2,45.07
3250,42.68,40.59
3251,41.92,51.08
3252,40.09,48.43
3253,42.48,51.86
3254,40.74,55.0
3255,41.8,55.53
3256,43.09,49.98
3257,42.45,56.03
3258,42.38,59.61
3259,42.01,53.71
3260,40.87,55.15
3261,41.29,46.98
3262,42.76,50.39
3263,43.02,53.15
3264,41.81,46.33
3265,43.41,47.72
3266,43.95,43.9
3267,42.87,42.77
3268,44.19,46.85
3269,41.3,47.43
3270,42.01,50.56
3271,43.44,55.31
3272,43.95,48.1
3273,44.86,52.38
3274,43.37,56.85
3275,43.61,40.94
3276,43.52,43.83
3277,43.56,48.44
3278,44.54,40.25
3279,44.3,52.48
3280,42.08,53.36
3281,44.01,45.96
3282,42.42,44.97
3283,42.38,54.43
3284,42.82,47.09
3285,44.95,48.28
3286,44.72,46.78
3287,43.43,49.5
3288,43.01,48.85
3289,44.56,50.83
3290,43.02,51.96
3291,42.96,52.33
3292,44.45,45.44
3293,45.62,50.87
3294,44.22,45.2
3295,46.5,46.74
3296,46.88,49.52
3297,44.47,44.41
3298,45.63,45.49
3299,45.82,57.75
3300,44.4,42.35
3301,44.84,46.14
3302,43.8,54.02
3303,47.22,51.23
3304,45.02,56.96
3305,44.97,51.32
3306,47.55,48.44
3307,47.62,40.55
3308,45.91,48.12
3309,45.06,52.5
3310,44.74,47.39
3311,45.73,59.02
3312,47.06,47.75
3313,46.69,56.3
3314,47.73,40.47
3315,45.86,48.24
3316,44.97,52.39
3317,46.38,50.83
3318,46.63,49.28
3319,46.47,47.19
3320,47.64,48.31
3321,45.22,41.59
3322,48.35,42.06
3323,47.43,55.41
3324,45.81,44.49
3325,45.56,56.13
3326,48.49,52.17
3327,48.26,40.51
3328,48.62,52.66
3329,48.36,51.36
3330,46.32,52.98
3331,46.1,59.96
3332,47.63,51.55
3333,45.99,58.0
3334,47.3,57.21
3335,49.18,48.05
3336,46.04,47.01
3337,49.61,54.12
3338,47.5,52.33
3339,46.45,55.73
3340,46.72,43.55
3341,46.29,53.15
3342,47.45,54.65
3343,50.03,40.48
3344,47.5,54.29
3345,49.48,43.92
3346,47.8,49.32
3347,49.61,47.62
3348,47.18,51.36
3349,46.99,50.13
3350,49.95,58.31
3351,50.57,50.4
3352,47.18,52.03
3353,47.22,46.22
3354,49.21,49.8
3355,49.83,48.02
3356,49.34,52.45
3357,48.11,56.58
3358,48.78,59.82
3359,47.64,40.31
3360,47.49,52.27
3361,47.44,52.34
3362,49.48,52.23
3363,48.01,48.56
3364,47.99,52.96
3365,51.34,41.65
3366,51.59,55.76
3367,50.93,55.86
3368,51.58,40.66
3369,50.83,40.22
3370,50.71,55.19
3371,49.89,44.69
3372,50.99,42.57
3373,48.36,56.41
3374,50.72,57.97
3375,50.18,55.51
3376,50.47,56.39
3377,51.19,57.62
3378,50.66,52.0
3379,51.46,52.47
3380,50.19,45.97
3381,51.04,59.63
3382,49.99,41.42
3383,49.94,51.13
3384,51.96,49.87
3385,50.48,42.73
3386,52.96,54.51
3387,51.11,51.52
3388,49.97,40.33
3389,49.45,49.58
3390,49.92,58.62
3391,51.07,43.28
3392,50.37,47.45
3393,50.61,51.19
3394,50.96,52.82
3395,50.79,48.35
3396,51.89,45.46
3397,51.08,53.23
3398,53.51,54.8
3399,50.55,46.38
3400,53.68,56.66
3401,52.42,47.59
3402,52.17,53.01
3403,51.96,54.11
3404,51.45,43.02
3405,51.78,57.7
3406,54.29,41.89
3407,52.65,59.8
3408,51.82,47.4
3409,50.86,50.19
3410,52.75,49.43
3411,54.5,58.32
3412,54.33,43.17
3413,51.98,58.2
3414,52.83,47.05
3415,52.51,52.83
3416,51.28,50.58
3417,53.25,51.51
3418,51.99,46.89
3419,54.97,42.97
3420,53.89,48.16
3421,54.62,58.13
3422,53.97,55.47
3423,52.48,45.39
3424,53.79,59.87
3425,53.98,47.68
3426,53.55,53.32
3427,55.34,40.58
3428,54.59,56.71
3429,53.35,41.72
3430,52.82,44.85
3431,55.95,44.38
3432,53.69,57.94
3433,54.41,41.09
3434,54.39,52.11
3435,53.27,59.41
3436,53.86,48.6
3437,54.31,59.35
3438,52.9,54.58
3439,56.58,57.19
3440,52.97,47.14
3441,55.66,57.25
3442,53.99,55.97
3443,55.46,56.3
3444,55.03,58.02
3445,55.34,46.05
3446,56.64,59.15
3447,54.71,47.4
3448,56.37,51.84
3449,54.89,42.45
3450,55.92,55.83
3451,57.58,57.43
3452,55.25,42.53
3453,57.56,56.0
3454,55.74,42.25
3455,54.62,49.46
3456,55.42,48.58
3457,56.4,56.65
3458,54.86,55.22
3459,57.68,49.32
3460,57.28,43.73
3461,57.29,46.43
3462,55.25,49.29
3463,57.11,46.76
3464,56.13,53.73
3465,57.28,41.56
3466,57.86,50.44
3467,58.2,59.29
3468,55.75,46.49
3469,57.61,56.33
3470,57.83,50.18
3471,55.88,45.69
3472,59.01,54.45
3473,59.0,43.31
3474,58.78,44.37
3475,58.63,48.2
3476,57.25,42.44
3477,56.57,46.29
3478,59.18,54.53
3479,58.68,54.8
3480,58.93,40.29
3481,58.56,57.18
3482,59.03,46.8
3483,57.11,40.41
3484,58.36,56.82
3485,59.65,55.2
3486,59.78,53.59
3487,57.74,41.93
3488,60.16,42.36
3489,58.78,41.25
3490,59.59,51.88
3491,58.55,46.83
3492,57.23,42.4
3493,59.12,49.32
3494,60.09,41.21
3495,57.1,56.36
3496,60.75,52.89
3497,59.47,58.84
3498,60.1,57.58
3499,57.47,41.71
3500,60.82,47.62
3501,58.39,54.49
3502,57.98,49.49
3503,59.91,55.68
3504,60.58,58.01
3505,60.01,48.16
3506,58.4,43.37
3507,59.01,46.13
3508,61.53,48.36
3509,58.77,58.54
3510,60.89,56.01
3511,58.74,42.59
3512,60.1,43.61
3513,59.73,57.01
3514,58.98,52.19
3515,61.66,56.65
3516,59.12,51.67
3517,60.81,45.77
3518,61.57,54.4
3519,59.74,41.88
3520,61.44,59.02
3521,59.82,59.57
3522,62.43,42.97
3523,61.52,55.52
3524,59.94,48.92
3525,62.63,56.27
3526,60.24,53.75
3527,62.59,46.52
3528,61.73,54.6
3529,60.42,58.07
3530,60.58,52.57
3531,61.48,41.62
3532,63.08,45.89
3533,63.04,47.23
3534,62.68,52.88
3535,63.25,46.09
3536,63.18,51.16
3537,59.64,54.04
3538,61.72,58.57
3539,62.8,55.83
3540,63.15,44.01
3541,63.66,40.05
3542,62.59,48.79
3543,63.41,53.16
3544,63.19,41.25
3545,62.59,51.96
3546,61.33,40.94
3547,64.09,46.59
3548,62.89,53.48
3549,61.28,41.15
3550,62.62,40.62
3551,60.67,56.24
3552,61.34,49.04
3553,63.8,57.02
3554,64.23,48.46
3555,63.38,42.94
3556,62.15,55.91
3557,62.11,46.9
3558,65.0,50.36
3559,63.57,41.2
3560,64.63,52.15
3561,62.8,40.05
3562,65.19,50.33
3563,65.2,59.45
3564,62.92,49.49
3565,62.76,52.55
3566,65.06,42.48
3567,62.37,46.31
3568,65.18,50.38
3569,62.69,59.62
3570,64.83,48.18
3571,65.68,55.58
3572,63.82,45.04
3573,63.74,46.96
3574,65.46,46.37
3575,66.05,41.36
3576,65.92,47.62
3577,65.61,46.18
3578,65.75,56.18
3579,63.38,59.09
3580,64.65,40.71
3581,64.74,44.33
3582,64.58,51.79
3583,66.53,49.18
3584,64.57,45.88
3585,63.27,41.13
3586,64.23,51.69
3587,64.49,46.11
3588,64.26,49.75
3589,63.45,51.65
3590,64.61,57.74
3591,64.73,43.89
3592,65.88,50.77
3593,67.21,53.29
3594,64.71,43.18
3595,66.97,45.19
3596,65.39,57.12
3597,67.42,48.4
3598,67.77,52.51
3599,65.38,53.81
3600,64.71,56.94
3601,65.55,43.19
3602,64.8,57.04
3603,67.12,53.88
3604,64.75,55.07
3605,64.53,58.9
3606,65.9,47.68
3607,64.43,60.0
3608,64.26,56.04
3609,66.87,43.17
3610,67.17,44.28
3611,64.51,50.13
3612,63.43,48.66
3613,63.33,55.01
3614,64.44,56.95
3615,63.85,49.35
3616,63.59,52.36
3617,63.47,53.94
3618,65.79,55.88
3619,64.5,40.55
3620,63.81,46.1
3621,63.77,45.31
3622,66.11,51.47
3623,64.33,47.77
3624,63.69,40.07
3625,64.36,48.27
3626,63.41,49.02
3627,65.1,47.31
3628,63.09,52.1
3629,65.24,42.71
3630,62.5,54.36
3631,65.88,43.8
3632,62.45,41.72
3633,61.81,56.41
3634,65.04,53.3
3635,62.52,57.86
3636,62.67,48.21
3637,63.77,45.82
3638,62.03,55.42
3639,63.02,59.42
3640,63.77,42.54
3641,61.28,51.33
3642,64.2,51.55
3643,61.21,44.52
3644,62.17,57.19
3645,61.77,48.8
3646,63.78,55.97
3647,62.57,51.69
3648,64.02,40.28
3649,63.79,46.58
3650,64.57,54.2
3651,60.72,53.25
3652,61.72,52.79
3653,63.06,49.14
3654,61.52,52.86
3655,62.62,59.69
3656,62.36,40.84
3657,61.32,59.06
3658,61.17,46.54
3659,61.05,55.77
3660,63.59,40.02
3661,62.17,40.59
3662,63.52,49.61
3663,60.65,51.6
3664,60.63,56.35
3665,61.57,53.25
3666,60.61,50.83
3667,59.88,45.74
3668,61.2,40.12
3669,61.88,41.97
3670,63.06,47.89
3671,62.06,43.71
3672,62.03,44.81
3673,59.69,51.2
3674,61.82,46.16
3675,61.59,44.98
3676,61.49,50.47
3677,58.87,53.62
3678,59.12,47.31
3679,61.06,49.73
3680,61.31,41.55
3681,61.6,43.77
3682,61.43,49.16
3683,59.69,56.3
3684,58.78,54.43
3685,61.51,55.64
3686,59.39,41.97
3687,61.12,43.12
3688,58.99,48.54
3689,58.06,41.97
3690,59.08,51.03
3691,58.18,58.77
3692,57.76,48.72
3693,58.62,46.83
3694,60.32,57.6
3695,59.77,43.12
3696,57.8,52.12
3697,58.37,57.65
3698,60.86,55.0
3699,58.94,44.86
3700,59.97,45.45
3701,57.16,53.05
3702,59.89,55.25
3703,60.42,56.19
3704,58.24,51.76
3705,60.49,49.85
3706,60.06,48.58
3707,58.6,59.31
3708,57.33,58.36
3709,56.81,49.87
3710,57.08,40.53
3711,57.8,47.12
3712,58.14,59.26
3713,57.96,45.3
3714,58.87,45.86
3715,56.22,51.09
3716,56.44,52.97
3717,56.05,41.15
3718,57.22,47.18
3719,56.25,49.15
3720,59.38,52.79
3721,59.24,55.76
3722,59.51,53.91
3723,58.68,41.09
3724,56.59,42.45
3725,57.01,48.91
3726,58.71,41.24
3727,58.48,56.54
3728,56.49,54.93
3729,55.95,55.95
3730,55.97,43.49
3731,57.4,59.61
3732,55.51,51.17
3733,57.59,53.12
3734,55.83,50.12
3735,56.41,50.73
3736,57.74,54.62
3737,58.51,45.61
3738,56.75,52.39
3739,56.38,44.46
3740,55.62,53.97
3741,56.06,55.19
3742,56.46,50.51
3743,54.46,55.95
3744,56.15,50.22
3745,54.74,47.43
3746,54.99,53.7
3747,54.93,40.6
3748,56.44,41.97
3749,56.14,44.32
3750,56.88,45.0
3751,56.35,59.26
3752,54.77,58.22
3753,55.11,57.33
3754,57.25,50.03
3755,53.85,41.86
3756,55.37,48.31
3757,53.86,43.43
3758,53.85,59.25
3759,53.31,40.21
3760,56.44,40.93
3761,53.17,53.68
3762,55.64,53.15
3763,55.33,42.49
3764,53.67,47.83
3765,55.1,58.5
3766,54.5,54.9
3767,55.5,51.98
3768,52.52,56.87
3769,52.94,46.12
3770,54.01,48.14
3771,54.23,53.25
3772,54.09,51.29
3773,53.65,46.59
3774,54.44,56.63
3775,54.69,55.7
3776,53.13,43.43
3777,52.97,44.02
3778,52.24,53.39
3779,54.45,44.11
3780,52.14,49.69
3781,55.23,45.81
3782,52.79,55.61
3783,54.61,57.62
3784,51.34,49.24
3785,52.29,52.38
3786,51.5,45.47
3787,53.51,55.42
3788,54.7,59.75
3789,54.84,40.96
3790,51.49,54.18
3791,52.91,41.92
3792,54.55,48.0
3793,51.92,41.83
3794,54.12,48.42
3795,53.45,57.31
3796,53.92,40.74
3797,50.72,41.65
3798,51.62,54.87
3799,51.69,42.33
3800,52.77,52.34
3801,52.02,55.64
3802,50.79,51.8
3803,50.15,43.72
3804,53.81,44.87
3805,53.75,53.4
3806,53.76,42.15
3807,52.06,43.2
3808,50.74,47.12
3809,50.68,56.84
3810,52.04,44.07
3811,53.34,54.73
3812,53.25,57.93
3813,53.11,56.95
3814,49.5,47.57
3815,52.06,53.77
3816,51.48,41.84
3817,49.16,41.17
3818,49.33,50.92
3819,51.41,40.89
3820,50.91,59.24
3821,49.22,54.68
3822,48.93,44.59
3823,48.77,48.64
3824,48.77,47.68
3825,50.72,50.31
3826,52.18,45.09
3827,51.68,49.64
3828,49.27,46.63
3829,49.32,47.37
3830,48.92,45.94
3831,51.08,48.57
3832,49.02,51.16
3833,49.99,55.78
3834,47.84,45.96
3835,48.26,55.52
3836,47.96,45.04
3837,49.65,48.11
3838,47.56,42.05
3839,47.56,59.65
3840,48.52,54.51
3841,50.72,57.58
3842,50.12,40.94
3843,50.6,50.89
3844,48.43,42.02
3845,48.21,54.6
3846,47.18,49.08
3847,47.33,57.56
3848,49.86,52.97
3849,47.29,59.83
3850,49.21,40.38
3851,48.33,48.96
3852,49.75,48.04
3853,47.43,43.54
3854,47.69,42.08
3855,47.87,59.79
3856,49.89,45.64
3857,47.91,50.28
3858,48.12,43.89
3859,48.18,52.9
3860,49.2,46.62
3861,46.51,46.46
3862,47.04,59.05
3863,46.2,44.75
3864,49.08,42.55
3865,47.54,57.97
3866,47.95,51.4
3867,48.49,51.13
3868,48.63,47.01
3869,49.26,43.44
3870,48.93,58.59
3871,46.13,55.31
3872,45.55,57.66
3873,48.93,59.95
3874,46.8,54.19
3875,48.46,51.84
3876,46.88,47.67
3877,48.19,49.25
3878,45.82,42.52
3879,48.25,47.23
3880,47.0,53.63
3881,45.69,54.38
3882,45.11,58.57
3883,47.11,59.88
3884,44.81,56.1
3885,46.72,49.34
3886,47.66,47.81
3887,46.81,49.97
3888,45.61,54.64
3889,44.09,51.47
3890,46.31,50.75
3891,47.66,53.2
3892,44.28,46.66
3893,47.71,52.32
3894,47.23,41.89
3895,44.84,44.12
3896,45.65,52.62
3897,47.02,40.65
3898,44.23,54.48
3899,46.21,42.73
3900,43.83,48.94
3901,43.7,59.59
3902,44.99,43.36
3903,44.2,49.6
3904,46.65,50.07
3905,46.6,55.06
3906,45.97,50.49
3907,43.83,43.1
3908,44.47,58.29
3909,43.43,45.29
3910,44.5,59.54
3911,43.95,41.59
3912,42.6,50.18
3913,46.3,58.87
3914,46.17,56.03
3915,43.47,56.47
3916,42.95,47.28
3917,45.69,58.38
3918,43.96,48.33
3919,44.24,41.76
3920,41.86,44.7
3921,44.75,55.06
3922,42.96,50.46
3923,43.75,51.48
3924,44.72,58.91
3925,43.26,52.76
3926,41.54,59.07
3927,44.77,44.83
3928,42.62,58.7
3929,41.96,59.47
3930,42.64,53.72
3931,44.27,41.63
3932,43.46,40.35
3933,42.77,48.64
3934,42.81,47.42
3935,40.9,44.09
3936,44.72,42.65
3937,44.05,58.5
3938,41.76,50.06
3939,44.48,59.72
3940,41.72,45.98
3941,41.37,47.25
3942,40.45,55.34
3943,43.14,47.86
3944,40.2,43.03
3945,40.49,40.52
3946,40.46,54.97
3947,41.73,40.14
3948,42.46,57.88
3949,42.94,51.59
3950,43.05,57.78
3951,40.88,45.38
3952,42.66,45.31
3953,40.66,59.72
3954,41.62,46.66
3955,39.71,49.18
3956,42.48,42.05
3957,39.77,50.24
3958,42.01,48.89
3959,41.58,46.21
3960,39.23,52.55
3961,41.68,55.04
3962,41.3,55.45
3963,40.65,40.7
3964,39.69,49.97
3965,40.38,52.63
3966,42.01,53.3
3967,40.68,59.87
3968,38.66,45.81
3969,41.34,41.93
3970,38.93,55.54
3971,39.45,49.22
3972,39.2,56.9
3973,39.7,50.94
3974,40.86,53.24
3975,41.16,57.18
3976,39.71,53.49
3977,40.3,43.89
3978,41.04,47.4
3979,38.89,59.02
3980,37.88,56.63
3981,38.41,59.98
3982,37.74,54.88
3983,38.65,55.28
3984,38.95,45.01
3985,38.73,49.55
3986,38.03,46.71
3987,40.88,46.47
3988,40.17,41.12
3989,37.69,54.96
3990,39.52,48.65
3991,38.45,47.82
3992,37.22,55.52
3993,37.28,46.47
3994,39.42,43.14
3995,36.82,49.73
3996,40.21,47.33
3997,39.28,44.91
3998,39.1,47.11
3999,39.75,41.0
4000,40.09,46.56
4001,39.92,42.3
4002,39.71,56.65
4003,37.46,41.19
4004,39.59,46.82
4005,38.82,58.67
4006,37.63,58.86
4007,39.63,58.57
4008,39.44,51.68
4009,39.41,41.4
4010,36.14,49.32
4011,36.81,57.88
4012,39.2,54.92
4013,36.45,49.07
4014,38.43,47.94
4015,36.95,57.15
4016,36.38,45.82
4017,38.62,44.6
4018,37.41,47.07
4019,35.2,47.6
4020,35.55,43.01
4021,35.25,56.67
4022,35.67,40.9
4023,36.06,55.61
4024,36.94,52.17
4025,35.26,42.09
4026,35.8,44.04
4027,35.25,48.21
4028,34.78,40.93
4029,34.65,59.27
4030,35.24,44.17
4031,34.84,47.24
4032,35.63,59.47
4033,37.53,44.54
4034,36.17,53.66
4035,34.18,55.47
4036,34.22,40.85
4037,36.81,44.39
4038,34.26,55.79
4039,36.35,41.4
4040,33.75,55.85
4041,36.2,57.05
4042,34.57,40.23
4043,35.7,59.57
4044,33.48,43.62
4045,35.39,47.22
4046,34.97,47.8
4047,33.04,51.95
4048,36.1,45.64
4049,34.96,54.88
4050,34.27,41.66
4051,36.14,47.11
4052,34.88,43.48
4053,34.76,55.52
4054,34.35,42.79
4055,35.85,42.55
4056,36.39,40.61
4057,34.96,42.28
4058,32.93,41.23
4059,32.6,55.44
4060,32.96,51.59
4061,35.7,49.71
4062,33.29,58.75
4063,31.96,52.92
4064,33.0,53.46
4065,31.79,53.73
4066,34.1,49.4
4067,33.67,45.34
4068,31.81,54.21
4069,31.8,45.29
4070,33.42,42.71
4071,33.55,58.79
4072,32.31,48.92
4073,34.44,41.36
4074,34.92,40.51
4075,34.4,56.5
4076,34.7,41.76
4077,33.44,46.33
4078,31.99,53.3
4079,31.42,54.97
4080,33.34,55.04
4081,31.73,50.31
4082,34.37,47.07
4083,32.7,40.49
4084,33.31,45.03
4085,32.86,40.57
4086,31.29,50.46
4087,33.28,58.15
4088,33.94,52.58
4089,31.95,51.33
4090,33.96,54.52
4091,32.35,46.68
4092,30.64,45.28
4093,31.23,52.19
4094,32.23,57.54
4095,32.48,42.78
4096,30.57,59.33
4097,30.97,41.28
4098,32.72,46.84
4099,31.33,57.24
4100,30.67,50.59
4101,30.55,57.04
4102,31.37,46.12
4103,32.97,51.68
4104,31.08,52.08
4105,31.22,56.1
4106,30.56,46.04
4107,31.18,41.9
4108,29.88,59.07
4109,29.05,56.69
4110,30.04,49.74
4111,31.79,57.86
4112,29.37,40.24
4113,31.08,55.06
4114,31.47,59.73
4115,31.01,49.17
4116,28.59,49.14
4117,31.12,51.57
4118,28.65,41.41
4119,28.87,56.87
4120,31.26,47.78
4121,31.61,47.03
4122,31.29,50.2
4123,30.96,52.62
4124,28.62,46.59
4125,29.87,54.15
4126,28.12,54.17
4127,31.33,43.89
4128,29.6,48.9
4129,30.74,56.28
4130,29.65,54.37
4131,30.26,41.44
4132,30.38,41.97
4133,27.36,59.36
4134,30.25,46.66
4135,28.44,47.77
4136,29.56,43.72
4137,26.8,55.22
4138,27.57,50.36
4139,27.58,43.17
4140,27.11,51.99
4141,30.22,50.79
4142,26.58,57.61
4143,26.91,59.39
4144,29.66,58.36
4145,29.16,55.99
4146,28.92,54.76
4147,29.64,49.58
4148,27.12,41.81
4149,29.65,53.88
4150,29.84,53.22
4151,26.56,40.9
4152,27.99,48.36
4153,27.89,44.7
4154,28.1,48.4
4155,28.81,44.16
4156,28.69,40.6
4157,26.59,58.78
4158,27.34,56.27
4159,25.36,49.78
4160,26.57,41.72
4161,27.59,40.94
4162,28.21,57.35
4163,27.96,51.97
4164,26.58,56.0
4165,25.48,53.04
4166,28.25,48.58
4167,28.48,49.51
4168,27.53,47.49
4169,25.78,49.24
4170,25.81,59.87
4171,26.4,41.14
4172,26.36,58.18
4173,27.98,53.05
4174,27.82,54.49
4175,27.19,52.15
4176,25.96,51.31
4177,27.81,58.3
4178,27.11,52.99
4179,27.49,51.43
4180,25.14,44.89
4181,27.36,44.56
4182,26.11,57.65
4183,23.66,46.53
4184,25.07,44.28
4185,25.16,40.7
4186,25.2,45.1
4187,26.28,47.7
4188,23.63,54.98
4189,25.81,59.4
4190,24.14,56.1
4191,25.23,44.3
4192,26.89,53.76
4193,22.95,48.08
4194,23.6,48.22
4195,25.44,58.15
4196,24.04,59.29
4197,25.87,44.36
4198,25.9,51.42
4199,25.28,47.11
4200,25.56,53.08
4201,23.37,47.98
4202,22.62,50.43
4203,23.62,40.38
4204,24.15,54.12
4205,24.92,54.36
4206,25.65,56.98
4207,24.76,42.81
4208,23.67,48.99
4209,22.55,52.58
4210,22.66,44.53
4211,23.82,41.38
4212,22.77,47.97
4213,24.03,58.67
4214,21.62,42.92
4215,22.62,52.84
4216,22.34,48.94
4217,22.15,58.82
4218,23.93,49.36
4219,24.7,53.85
4220,22.43,52.4
4221,23.42,56.68
4222,21.64,55.97
4223,23.48,57.13
4224,21.43,51.22
4225,24.18,45.38
4226,23.29,44.18
4227,21.4,55.84
4228,23.27,58.34
4229,24.34,49.45
4230,21.75,52.85
4231,22.74,50.95
4232,23.83,55.49
4233,21.86,48.74
4234,22.9,58.82
4235,22.08,53.13
4236,22.22,52.39
4237,21.42,45.29
4238,23.6,47.46
4239,22.75,40.12
4240,21.46,45.89
4241,20.17,48.54
4242,23.42,57.51
4243,22.69,48.57
4244,22.77,44.95
4245,20.85,51.74
4246,20.04,47.69
4247,21.5,41.89
4248,20.88,45.28
4249,20.69,59.99
4250,21.65,58.06
4251,19.29,42.01
4252,19.94,56.6
4253,21.98,47.14
4254,20.27,40.08
4255,21.47,58.16
4256,18.69,51.31
4257,19.73,42.7
4258,21.65,52.84
4259,19.8,53.35
4260,18.57,50.13
4261,18.41,41.46
4262,20.84,49.42
4263,19.09,49.12
4264,21.55,51.55
4265,21.03,59.62
4266,19.7,55.21
4267,18.51,58.97
4268,19.19,42.88
4269,18.76,44.9
4270,18.9,51.37
4271,18.94,59.72
4272,19.13,40.79
4273,19.11,52.48
4274,18.59,52.97
4275,20.28,54.46
4276,19.68,41.81
4277,20.46,41.78
4278,18.1,42.38
4279,18.03,48.93
4280,19.9,48.57
4281,16.86,45.37
4282,20.13,44.41
4283,17.61,45.35
4284,17.09,50.82
4285,18.47,58.59
4286,19.72,59.83
4287,19.18,41.61
4288,16.67,48.21
4289,17.01,49.82
4290,18.04,52.18
4291,16.67,46.01
4292,16.67,42.38
4293,17.88,53.54
4294,17.03,52.23
4295,18.11,44.19
4296,19.1,53.52
4297,18.58,49.98
4298,19.54,52.4
4299,15.8,41.66
4300,18.08,59.87
4301,18.92,40.69
4302,18.76,51.39
4303,16.13,41.9
4304,15.74,54.45
4305,19.05,44.92
4306,18.46,40.9
4307,18.92,54.23
4308,16.05,47.25
4309,17.25,53.88
4310,18.14,57.0
4311,14.81,49.83
4312,18.07,49.04
4313,17.92,55.27
4314,16.52,58.22
4315,16.8,55.39
4316,15.17,40.89
4317,14.84,53.71
4318,15.7,43.61
4319,15.21,57.02
4320,14.82,43.83
4321,47.25,50.85
4322,48.85,50.74
4323,48.56,54.63
4324,46.72,59.67
4325,48.29,46.74
4326,50.61,41.06
4327,47.68,46.54
4328,48.84,50.81
4329,49.18,44.41
4330,47.77,51.56
4331,49.63,58.46
4332,50.46,59.95
4333,47.91,45.99
4334,50.29,46.94
4335,49.4,42.33
4336,51.15,45.7
4337,47.97,51.45
4338,51.01,60.0
4339,48.15,51.02
4340,48.52,45.34
4341,49.16,52.16
4342,50.31,57.88
4343,49.82,54.95
4344,49.93,55.84
4345,50.87,48.82
4346,51.43,47.17
4347,50.89,42.22
4348,51.37,54.48
4349,48.7,42.67
4350,49.02,42.38
4351,50.74,41.65
4352,52.09,59.53
4353,51.41,40.49
4354,49.52,44.07
4355,51.56,41.07
4356,50.52,41.4
4357,49.64,51.49
4358,50.84,59.26
4359,50.42,55.68
4360,52.2,55.5
4361,50.9,43.98
4362,51.61,43.4
4363,52.08,53.01
4364,49.53,42.7
4365,50.91,51.44
4366,52.63,57.61
4367,52.54,54.0
4368,50.42,56.1
4369,51.37,47.14
4370,51.26,53.99
4371,53.72,58.18
4372,51.18,48.84
4373,50.47,58.6
4374,51.1,52.79
4375,53.49,59.68
4376,51.23,47.26
4377,53.94,45.64
4378,50.86,53.38
4379,52.35,40.94
4380,52.17,42.2
4381,51.98,51.36
4382,50.82,53.22
4383,54.77,46.35
4384,54.67,56.2
4385,51.17,58.92
4386,51.88,48.37
4387,53.72,52.55
4388,54.54,56.95
4389,54.15,42.05
4390,53.77,57.9
4391,53.47,44.81
4392,52.71,48.83
4393,54.5,50.12
4394,54.71,43.83
4395,53.87,59.76
4396,53.63,41.05
4397,55.07,47.82
4398,53.99,53.39
4399,54.57,53.24
4400,53.7,43.5
4401,53.64,52.03
4402,53.66,53.68
4403,53.03,45.66
4404,56.06,44.2
4405,53.23,49.95
4406,54.81,45.05
4407,53.71,57.69
4408,54.76,40.48
4409,53.89,40.07
4410,55.88,59.32
4411,54.84,50.28
4412,55.24,52.55
4413,53.44,41.63
4414,56.83,43.17
4415,54.7,51.68
4416,56.86,47.14
4417,55.84,55.17
4418,54.2,51.2
4419,56.67,45.94
4420,53.83,50.28
4421,56.25,48.45
4422,57.44,54.9
4423,54.11,41.9
4424,56.59,40.91
4425,54.78,49.98
4426,56.62,42.89
4427,56.14,56.19
4428,54.94,55.92
4429,56.3,50.08
4430,57.64,50.14
4431,55.72,45.02
4432,57.51,42.47
4433,54.91,42.93
4434,55.41,45.99
4435,54.5,59.31
4436,57.47,55.6
4437,56.54,44.15
4438,57.07,52.52
4439,55.99,53.92
4440,56.5,51.88
4441,55.54,41.16
4442,56.7,59.52
4443,57.78,46.5
4444,55.5,45.13
4445,58.51,55.4
4446,55.61,57.86
4447,55.89,47.86
4448,57.05,51.32
4449,57.85,43.08
4450,56.58,46.75
4451,58.12,47.57
4452,56.64,42.83
4453,58.74,52.45
4454,56.43,49.65
4455,58.92,47.76
4456,56.25,40.8
4457,57.32,53.31
4458,56.51,42.05
4459,58.25,59.77
4460,60.12,52.43
4461,57.18,48.69
4462,57.42,45.94
4463,58.43,59.5
4464,60.14,47.2
4465,57.36,45.96
4466,58.13,58.43
4467,59.68,50.35
4468,58.61,46.29
4469,57.06,50.21
4470,58.67,54.55
4471,58.71,50.03
4472,57.98,57.58
4473,57.09,45.1
4474,57.91,43.26
4475,60.03,59.02
4476,60.63,54.84
4477,58.15,43.7
4478,58.39,42.34
4479,59.42,43.5
4480,59.91,56.15
4481,59.83,50.12
4482,57.83,47.73
4483,61.06,41.41
4484,58.92,57.41
4485,58.17,58.8
4486,59.99,54.22
4487,61.84,40.5
4488,58.3,50.12
4489,59.39,55.27
4490,59.85,46.66
4491,59.71,40.8
4492,61.51,59.38
4493,59.91,44.32
4494,62.08,56.04
4495,60.83,40.74
4496,60.83,47.34
4497,58.84,52.84
4498,62.04,47.8
4499,60.11,40.04
4500,61.62,55.97
4501,62.76,52.18
4502,62.0,44.92
4503,59.87,57.81
4504,61.32,51.47
4505,61.22,42.78
4506,60.81,55.37
4507,63.21,41.35
4508,62.16,40.33
4509,60.71,45.47
4510,63.21,58.27
4511,62.59,50.18
4512,62.28,57.68
4513,63.33,50.9
4514,61.9,56.79
4515,63.34,59.28
4516,62.76,40.98
4517,63.7,40.41
4518,62.24,41.96
4519,63.8,49.85
4520,63.2,48.81
4521,60.9,58.25
4522,62.97,47.88
4523,61.82,40.91
4524,62.91,40.26
4525,62.33,48.1
4526,63.4,44.73
4527,64.1,41.84
4528,63.37,44.41
4529,61.11,40.55
4530,64.21,40.53
4531,62.36,40.47
4532,62.69,45.25
4533,64.43,56.12
4534,63.24,46.77
4535,62.42,46.64
4536,63.53,47.48
4537,63.65,51.94
4538,63.43,56.2
4539,64.75,43.7
4540,64.14,41.36
4541,62.26,43.19
4542,65.28,42.31
4543,63.64,55.45
4544,65.79,44.83
4545,64.42,52.63
4546,65.26,47.91
4547,63.55,55.92
4548,63.88,40.37
4549,65.2,56.78
4550,64.06,56.51
4551,63.41,40.58
4552,64.53,53.15
4553,64.98,42.92
4554,65.42,55.04
4555,66.06,40.51
4556,64.48,48.87
4557,63.69,58.4
4558,63.05,56.4
4559,65.57,54.21
4560,63.8,40.41
4561,66.37,50.11
4562,65.36,59.43
4563,66.75,42.88
4564,63.92,49.8
4565,66.27,54.58
4566,66.44,54.54
4567,67.04,41.28
4568,65.87,43.94
4569,67.27,46.64
4570,67.03,51.28
4571,65.71,57.56
4572,64.85,51.12
4573,67.52,46.68
4574,65.14,54.3
4575,64.8,55.06
4576,67.54,55.2
4577,67.68,51.92
4578,65.52,45.44
4579,68.07,54.53
4580,67.02,56.22
4581,67.87,47.08
4582,68.07,56.23
4583,65.25,46.63
4584,66.49,56.24
4585,67.0,42.17
4586,68.74,47.69
4587,65.21,54.41
4588,65.88,56.34
4589,67.72,45.26
4590,68.94,50.62
4591,67.83,48.29
4592,65.44,43.19
4593,65.43,51.3
4594,66.81,41.3
4595,66.52,53.77
4596,67.94,55.33
4597,69.5,48.19
4598,68.83,41.06
4599,68.49,54.58
4600,67.0,45.57
4601,68.98,53.03
4602,69.14,54.41
4603,69.99,54.36
4604,67.09,45.52
4605,68.83,44.62
4606,67.04,44.24
4607,68.51,46.8
4608,67.27,51.24
4609,67.99,46.75
4610,66.69,47.73
4611,67.74,42.24
4612,67.8,40.37
4613,68.05,48.89
4614,70.66,47.65
4615,68.7,56.29
4616,67.41,53.09
4617,67.95,57.8
4618,67.56,55.05
4619,69.97,40.13
4620,69.84,43.69
4621,67.76,47.81
4622,71.33,53.95
4623,68.83,41.84
4624,68.69,53.06
4625,67.83,44.15
4626,70.85,58.43
4627,71.21,59.43
4628,68.31,40.24
4629,71.61,57.08
4630,68.32,46.79
4631,69.16,51.78
4632,70.31,50.86
4633,69.07,46.7
4634,71.86,52.56
4635,70.22,44.92
4636,71.83,46.41
4637,68.68,57.61
4638,69.34,43.92
4639,71.15,52.19
4640,69.99,55.92
4641,69.94,54.95
4642,68.84,51.72
4643,72.36,41.49
4644,70.26,55.54
4645,70.15,46.74
4646,69.54,53.46
4647,71.91,42.16
4648,70.91,45.94
4649,70.64,49.19
4650,71.18,48.54
4651,70.18,50.57
4652,72.32,42.9
4653,69.71,56.03
4654,71.38,44.61
4655,73.64,48.22
4656,71.85,43.1
4657,72.32,57.12
4658,70.2,41.93
4659,73.27,40.31
4660,72.32,53.97
4661,72.96,48.14
4662,73.46,43.68
4663,71.15,43.72
4664,72.44,45.79
4665,70.53,48.97
4666,71.09,46.39
4667,70.64,56.2
4668,74.38,57.18
4669,71.28,51.35
4670,72.7,55.65
4671,73.77,40.34
4672,72.43,57.61
4673,72.74,57.77
4674,71.37,51.01
4675,73.45,48.93
4676,71.21,40.8
4677,72.52,54.85
4678,72.95,46.11
4679,73.45,47.35
4680,71.79,54.25
4681,71.82,40.78
4682,72.9,40.45
4683,75.37,50.73
4684,73.86,40.81
4685,72.64,42.96
4686,74.64,40.66
4687,74.57,50.45
4688,72.03,54.93
4689,73.46,43.31
4690,73.56,58.2
4691,74.96,43.18
4692,75.92,52.83
4693,74.97,56.54
4694,74.32,57.61
4695,73.92,41.03
4696,73.46,53.22
4697,76.2,46.23
4698,73.29,45.46
4699,72.88,42.6
4700,73.67,59.53
4701,76.42,54.8
4702,74.91,56.75
4703,74.54,47.49
4704,73.31,45.49
4705,76.59,55.16
4706,74.71,54.9
4707,77.1,43.11
4708,74.73,52.24
4709,74.75,41.08
4710,74.83,51.52
4711,75.66,51.84
4712,75.86,43.58
4713,75.99,59.41
4714,76.8,47.61
4715,75.16,53.33
4716,76.68,59.7
4717,75.91,41.2
4718,74.15,42.48
4719,76.72,58.75
4720,75.0,41.07
4721,74.38,52.27
4722,75.73,47.46
4723,75.48,44.31
4724,75.42,44.69
4725,76.51,47.87
4726,77.55,59.11
4727,75.13,40.56
4728,75.44,53.09
4729,77.24,50.43
4730,78.82,48.7
4731,78.62,57.29
4732,77.56,47.93
4733,77.09,59.24
4734,75.9,53.33
4735,76.59,55.6
4736,78.91,49.92
4737,76.65,49.04
4738,78.58,54.64
4739,77.49,54.14
4740,76.07,58.62
4741,76.07,52.61
4742,79.56,40.2
4743,76.24,57.86
4744,78.99,51.27
4745,78.29,42.33
4746,78.92,44.5
4747,79.19,59.33
4748,78.05,45.4
4749,79.44,47.65
4750,78.62,42.69
4751,79.43,46.68
4752,77.45,46.82
4753,79.64,50.04
4754,77.96,51.59
4755,78.81,48.17
4756,80.0,50.09
4757,78.14,40.7
4758,78.08,44.71
4759,79.92,57.62
4760,80.49,48.42
4761,77.78,42.71
4762,78.45,54.56
4763,78.13,46.56
4764,81.19,54.4
4765,79.93,49.58
4766,78.41,44.78
4767,77.6,47.14
4768,79.55,46.87
4769,77.88,59.45
4770,81.57,53.47
4771,80.54,45.65
4772,80.74,46.1
4773,81.25,51.08
4774,81.89,43.84
4775,81.57,42.0
4776,80.52,47.39
4777,80.12,41.8
4778,78.58,41.12
4779,81.14,40.05
4780,80.25,46.95
4781,81.44,48.05
4782,79.55,54.55
4783,82.22,49.68
4784,78.81,47.86
4785,82.08,59.75
4786,81.57,49.09
4787,80.83,42.17
4788,78.96,41.47
4789,81.87,52.29
4790,79.76,57.62
4791,80.8,57.3
4792,81.07,55.48
4793,81.21,40.99
4794,82.37,51.46
4795,80.73,49.87
4796,81.5,56.97
4797,80.0,52.57
4798,80.3,43.88
4799,81.13,59.61
4800,81.7,53.9
4801,83.51,46.3
4802,82.74,49.17
4803,81.42,42.6
4804,83.29,53.24
4805,80.2,48.1
4806,83.54,42.38
4807,81.38,58.28
4808,83.47,52.21
4809,82.1,53.64
4810,83.43,54.17
4811,83.87,58.68
4812,84.06,50.68
4813,82.08,52.9
4814,81.68,48.88
4815,83.57,55.63
4816,83.4,51.21
4817,83.16,45.59
4818,84.33,42.62
4819,82.17,54.46
4820,81.9,40.6
4821,84.14,50.1
4822,83.58,46.26
4823,82.01,46.81
4824,82.23,46.41
4825,83.9,45.86
4826,83.38,50.75
4827,84.03,48.51
4828,85.66,50.95
4829,82.05,54.91
4830,84.77,59.94
4831,82.17,52.2
4832,84.5,55.69
4833,85.06,56.11
4834,85.68,56.82
4835,83.32,59.5
4836,83.28,57.15
4837,84.6,44.39
4838,82.45,57.3
4839,85.78,53.96
4840,83.33,43.01
4841,84.79,42.88
4842,85.66,51.24
4843,83.63,45.51
4844,85.53,44.38
4845,85.94,53.84
4846,84.35,44.98
4847,86.55,43.06
4848,83.62,56.57
4849,86.11,45.67
4850,83.96,43.61
4851,84.95,56.21
4852,83.79,48.05
4853,83.69,59.24
4854,85.21,51.97
4855,84.08,58.3
4856,84.66,40.45
4857,85.15,54.61
4858,87.42,42.93
4859,86.5,59.96
4860,86.1,58.29
4861,86.99,58.53
4862,85.11,53.48
4863,87.46,54.73
4864,87.91,59.91
4865,86.37,47.07
4866,86.4,51.23
4867,86.0,43.91
4868,86.27,41.73
4869,87.08,44.69
4870,87.8,40.4
4871,86.51,55.07
4872,87.74,54.61
4873,87.99,55.05
4874,88.2,51.01
4875,87.67,53.32
4876,85.15,48.16
4877,86.19,43.18
4878,88.6,45.57
4879,86.9,42.3
4880,88.68,57.56
4881,85.85,47.56
4882,85.67,42.51
4883,86.3,46.46
4884,86.41,41.75
4885,88.11,54.24
4886,88.17,48.0
4887,88.35,42.81
4888,86.94,45.92
4889,87.25,51.77
4890,86.09,48.91
4891,86.16,41.23
4892,89.76,49.77
4893,88.0,52.51
4894,88.05,45.08
4895,86.42,48.48
4896,86.92,53.19
4897,88.02,49.69
4898,87.67,43.58
4899,86.9,41.0
4900,89.17,50.37
4901,89.08,46.97
4902,89.44,42.31
4903,87.36,49.92
4904,87.22,40.78
4905,89.15,51.08
4906,89.63,56.16
4907,87.77,55.81
4908,87.8,51.89
4909,89.25,55.24
4910,91.29,50.83
4911,89.31,59.51
4912,89.07,51.42
4913,91.12,53.38
4914,87.7,52.8
4915,90.76,48.95
4916,91.46,47.98
4917,91.26,58.37
4918,90.72,52.78
4919,90.95,56.45
4920,90.56,50.37
4921,90.0,54.08
4922,88.38,47.09
4923,90.45,41.58
4924,91.62,52.5
4925,91.91,44.25
4926,90.23,49.29
4927,91.46,50.6
4928,89.85,51.82
4929,88.79,41.68
4930,90.35,51.02
4931,91.25,42.64
4932,89.13,56.75
4933,89.72,52.59
4934,92.21,45.57
4935,90.95,43.06
4936,91.06,44.22
4937,91.66,51.11
4938,92.62,44.83
4939,89.88,58.51
4940,92.17,55.02
4941,90.33,53.26
4942,92.23,41.52
4943,91.62,57.08
4944,91.93,48.06
4945,91.07,58.99
4946,89.89,58.3
4947,93.01,50.55
4948,91.0,55.94
4949,91.84,56.12
4950,90.59,50.35
4951,93.98,48.46
4952,91.57,47.2
4953,91.57,48.94
4954,91.29,44.19
4955,93.33,46.8
4956,92.0,41.1
4957,93.58,50.27
4958,93.1,43.17
4959,93.85,51.75